0 3 2
1 0 3
2 3 1
3 0 1
4 3 0
5 2 0
6 0 1
7 3 2
8 2 3
9 1 0
10 2 1
11 0 1
12 1 0
13 2 3
14 1 2
15 0 1
16 1 0
17 2 3
18 3 0
19 1 2
20 2 1
21 0 2
22 3 2
23 3 2
24 3 0
25 2 1
26 3 1
27 3 1
28 3 2
29 0 2
30 2 0
31 0 1
32 2 0
33 2 3
34 1 3
35 3 0
36 0 3
37 0 2
38 1 0
39 3 1
40 3 0
41 0 2
42 1 0
43 2 1
44 0 2
45 1 0
46 2 1
47 2 3
48 2 1
49 2 3
50 3 2
51 0 1
52 2 1
53 3 2
54 3 2
55 3 2
56 1 2
57 2 3
58 1 3
59 0 3
60 2 3
61 0 3
62 1 0
63 1 0
64 0 3
65 3 1
66 2 3
67 1 0
68 3 0
69 3 1
70 2 3
71 0 2
72 0 1
73 3 0
74 2 0
75 2 1
76 3 2
77 1 3
78 3 0
79 1 2
80 0 1
81 2 1
82 1 2
83 1 3
84 3 1
85 0 2
86 3 0
87 3 0
88 0 2
89 3 1
90 0 1
91 3 0
92 2 0
93 2 3
94 3 1
95 2 0
96 1 3
97 3 0
98 2 1
99 1 3
100 3 1
101 0 1
102 1 3
103 1 3
104 0 3
105 2 0
106 3 2
107 3 1
108 0 1
109 1 3
110 3 2
111 2 0
112 0 3
113 1 0
114 3 2
115 0 2
116 0 2
117 0 1
118 1 2
119 1 3
120 2 3
121 0 3
122 0 1
123 1 0
124 3 0
125 0 1
126 1 3
127 3 1
128 0 3
129 2 1
130 1 0
131 3 2
132 3 0
133 0 1
134 1 0
135 0 1
136 3 0
137 1 3
138 1 2
139 2 1
140 3 2
141 3 1
142 2 0
143 0 1
144 0 1
145 3 0
146 2 1
147 1 0
148 1 0
149 1 3
150 0 2
151 2 0
152 1 2
153 2 0
154 0 3
155 3 0
156 0 2
157 2 0
158 0 2
159 1 3
160 3 0
161 0 1
162 3 0
163 3 0
164 2 0
165 0 2
166 0 3
167 0 3
168 3 2
169 2 1
170 3 1
171 2 1
172 3 0
173 3 2
174 2 3
175 2 0
176 2 0
177 1 0
178 0 3
179 3 2
180 0 3
181 1 2
182 2 1
183 3 2
184 1 0
185 0 2
186 2 1
187 1 0
188 2 1
189 1 2
190 2 0
191 3 0
192 2 3
193 0 1
194 1 0
195 2 3
196 0 2
197 1 0
198 2 1
199 1 0
200 2 1
201 3 1
202 0 2
203 0 3
204 1 0
205 3 1
206 3 0
207 2 3
208 3 2
209 0 3
210 3 0
211 1 2
212 2 0
213 2 0
214 0 1
215 1 2
216 2 1
217 3 0
218 1 2
219 2 3
220 3 2
221 3 2
222 2 3
223 0 2
224 3 2
225 3 2
226 1 3
227 3 0
228 1 2
229 2 0
230 3 0
231 1 0
232 0 1
233 1 2
234 3 2
235 3 1
236 1 2
237 1 0
238 1 2
239 1 2
240 2 0
241 3 1
242 1 3
243 0 2
244 0 2
245 0 1
246 1 2
247 2 3
248 1 3
249 2 0
250 0 2
251 2 0
252 1 2
253 3 2
254 1 2
255 1 2
256 0 2
257 0 1
258 1 0
259 3 2
260 3 1
261 0 3
262 0 3
263 3 2
264 2 3
265 2 1
266 2 1
267 1 2
268 2 1
269 3 0
270 2 0
271 2 1
272 1 2
273 0 3
274 2 1
275 2 0
276 3 0
277 0 2
278 1 3
279 2 3
280 3 0
281 2 1
282 2 0
283 0 2
284 2 1
285 3 1
286 1 3
287 3 1
288 0 2
289 1 3
290 3 0
291 1 0
292 2 1
293 2 3
294 0 1
295 0 1
296 1 3
297 0 1
298 1 2
299 1 2
300 3 2
301 3 2
302 1 3
303 1 3
304 3 2
305 1 3
306 3 1
307 2 0
308 1 2
309 0 1
310 0 2
311 0 1
312 2 0
313 0 3
314 3 0
315 1 2
316 0 1
317 2 3
318 0 3
319 3 2
320 0 1
321 2 3
322 1 3
323 1 3
324 3 1
325 0 3
326 2 0
327 0 1
328 0 1
329 0 2
330 1 2
331 3 0
332 2 0
333 0 2
334 3 2
335 0 1
336 0 2
337 2 1
338 2 1
339 3 2
340 2 1
341 2 3
342 1 2
343 2 1
344 0 2
345 3 0
346 3 2
347 2 3
348 0 1
349 3 2
350 2 3
351 0 2
352 1 3
353 2 0
354 2 1
355 3 2
356 3 2
357 1 2
358 2 3
359 0 3
360 0 3
361 0 3
362 1 2
363 3 0
364 2 1
365 2 3
366 2 0
367 3 2
368 2 3
369 0 2
370 1 3
371 0 3
372 2 1
373 0 1
374 1 3
375 2 0
376 0 3
377 3 0
378 2 0
379 1 0
380 0 2
381 1 2
382 1 3
383 2 3
384 2 0
385 1 2
386 2 1
387 1 3
388 1 2
389 2 3
390 2 3
391 1 0
392 0 2
393 1 3
394 1 0
395 0 2
396 1 0
397 2 3
398 0 3
399 0 2
400 3 0
401 3 0
402 2 3
403 0 2
404 1 2
405 1 2
406 1 0
407 1 0
408 3 1
409 1 2
410 0 2
411 3 2
412 2 1
413 3 0
414 1 0
415 2 1
416 0 1
417 1 0
418 2 1
419 0 2
420 1 3
421 1 0
422 0 2
423 2 0
424 0 2
425 3 1
426 1 3
427 0 3
428 3 0
429 2 3
430 0 2
431 1 3
432 2 0
433 2 1
434 2 3
435 0 2
436 3 0
437 3 1
438 2 0
439 2 1
440 0 1
441 0 1
442 2 0
443 3 0
444 1 3
445 1 0
446 1 2
447 0 1
448 2 0
449 2 1
450 0 2
451 3 0
452 3 0
453 0 1
454 1 3
455 3 1
456 2 1
457 1 2
458 3 2
459 2 1
460 1 3
461 2 0
462 3 2
463 0 3
464 2 0
465 0 3
466 2 0
467 3 2
468 1 0
469 0 2
470 3 2
471 2 3
472 0 3
473 0 2
474 0 2
475 3 0
476 3 0
477 0 1
478 0 2
479 0 2
480 3 1
481 2 3
482 2 3
483 2 3
484 2 0
485 3 0
486 3 1
487 2 1
488 1 0
489 1 0
490 0 2
491 3 1
492 0 3
493 3 0
494 2 3
495 2 1
496 3 0
497 2 3
498 0 2
499 2 3
500 1 2
501 3 2
502 1 2
503 1 0
504 3 1
505 2 1
506 2 3
507 1 3
508 1 2
509 0 2
510 0 3
511 1 3
512 2 1
513 2 0
514 2 3
515 1 0
516 0 1
517 2 1
518 3 2
519 3 2
520 3 1
521 1 3
522 2 1
523 0 3
524 1 0
525 3 0
526 3 0
527 1 0
528 2 1
529 0 3
530 1 2
531 1 3
532 1 2
533 0 3
534 1 2
535 0 3
536 1 0
537 3 0
538 0 3
539 2 3
540 0 1
541 2 3
542 0 3
543 3 1
544 0 1
545 3 2
546 1 2
547 3 0
548 1 3
549 0 2
550 1 2
551 2 3
552 0 1
553 2 3
554 0 3
555 3 0
556 0 1
557 2 0
558 3 1
559 2 3
560 0 2
561 3 2
562 1 2
563 2 0
564 0 1
565 1 0
566 3 2
567 1 2
568 1 3
569 1 3
570 0 2
571 0 2
572 0 3
573 2 3
574 1 3
575 1 0
576 2 0
577 0 1
578 2 0
579 0 3
580 1 0
581 1 2
582 1 3
583 1 0
584 1 2
585 0 2
586 1 0
587 2 0
588 1 0
589 2 0
590 0 1
591 0 1
592 3 0
593 1 0
594 2 3
595 1 2
596 2 0
597 3 0
598 2 0
599 2 0
600 3 2
601 2 3
602 0 3
603 3 2
604 0 3
605 3 1
606 1 3
607 1 0
608 3 2
609 0 2
610 2 0
611 1 2
612 0 1
613 3 2
614 3 2
615 0 3
616 1 3
617 1 3
618 1 0
619 3 1
620 3 1
621 2 1
622 3 0
623 0 2
624 0 2
625 3 1
626 0 3
627 0 2
628 3 2
629 2 1
630 1 3
631 2 1
632 1 2
633 0 3
634 1 2
635 1 0
636 3 2
637 3 0
638 0 3
639 1 2
640 2 1
641 3 1
642 1 0
643 0 3
644 3 1
645 0 2
646 1 2
647 1 0
648 3 0
649 1 2
650 1 3
651 0 3
652 3 0
653 2 3
654 1 2
655 3 2
656 3 1
657 2 1
658 0 1
659 1 0
660 1 3
661 1 3
662 0 2
663 3 2
664 2 0
665 0 3
666 2 1
667 2 1
668 1 0
669 3 1
670 1 3
671 2 3
672 0 3
673 2 3
674 3 0
675 2 0
676 1 2
677 3 2
678 3 1
679 3 0
680 2 0
681 3 0
682 1 0
683 0 3
684 2 3
685 2 3
686 0 3
687 2 3
688 0 3
689 3 1
690 0 2
691 3 0
692 3 2
693 1 2
694 2 1
695 3 2
696 3 0
697 3 0
698 3 2
699 2 0
700 2 0
701 3 2
702 1 3
703 3 2
704 3 1
705 0 1
706 0 2
707 3 0
708 3 2
709 0 2
710 3 2
711 0 1
712 1 3
713 2 3
714 0 3
715 1 0
716 0 1
717 2 1
718 1 3
719 2 1
720 1 2
721 3 2
722 2 1
723 0 3
724 2 0
725 0 1
726 3 1
727 1 3
728 2 1
729 1 3
730 2 3
731 3 1
732 2 1
733 1 3
734 3 1
735 2 1
736 3 0
737 2 1
738 1 2
739 2 0
740 2 3
741 2 0
742 1 0
743 2 3
744 3 0
745 3 0
746 0 3
747 3 0
748 0 2
749 2 0
750 0 1
751 2 1
752 0 1
753 2 0
754 3 2
755 0 2
756 2 0
757 0 3
758 3 1
759 1 3
760 1 2
761 1 3
762 2 0
763 1 3
764 0 3
765 0 2
766 3 2
767 1 2
768 2 0
769 3 0
770 0 3
771 2 3
772 3 2
773 0 2
774 1 3
775 0 3
776 1 2
777 0 2
778 0 1
779 1 3
780 3 0
781 3 2
782 3 0
783 0 1
784 3 0
785 3 2
786 1 2
787 0 3
788 3 2
789 1 2
790 0 1
791 2 3
792 2 0
793 2 1
794 1 0
795 3 0
796 1 3
797 3 2
798 3 1
799 2 1
800 0 3
801 2 1
802 2 3
803 3 0
804 0 3
805 1 3
806 3 0
807 1 3
808 0 3
809 1 3
810 1 0
811 3 2
812 1 2
813 2 1
814 1 3
815 0 2
816 0 1
817 0 2
818 2 0
819 1 2
820 2 1
821 1 3
822 0 3
823 1 0
824 1 0
825 2 0
826 3 0
827 2 0
828 2 1
829 3 0
830 3 1
831 1 0
832 0 2
833 0 2
834 3 2
835 1 2
836 1 3
837 0 1
838 1 2
839 2 3
840 2 0
841 2 0
842 2 1
843 0 2
844 2 3
845 3 0
846 0 1
847 1 3
848 2 1
849 2 0
850 3 1
851 3 1
852 0 1
853 3 1
854 3 2
855 2 3
856 3 1
857 2 3
858 3 2
859 2 1
860 2 3
861 2 1
862 3 1
863 2 1
864 0 2
865 1 2
866 3 0
867 2 0
868 3 1
869 1 2
870 0 2
871 3 1
872 3 1
873 3 2
874 1 3
875 1 0
876 2 3
877 3 1
878 3 1
879 2 1
880 0 1
881 1 2
882 2 1
883 1 3
884 2 1
885 0 1
886 0 3
887 0 3
888 2 1
889 1 2
890 1 3
891 1 2
892 3 2
893 1 3
894 2 1
895 3 0
896 0 2
897 2 1
898 1 0
899 3 2
900 3 2
901 2 0
902 1 3
903 0 1
904 2 0
905 1 3
906 2 1
907 0 1
908 3 1
909 3 1
910 1 0
911 1 3
912 2 1
913 0 3
914 1 0
915 2 3
916 1 0
917 1 3
918 3 2
919 0 2
920 0 3
921 0 3
922 2 1
923 1 3
924 2 1
925 3 2
926 3 1
927 1 0
928 2 3
929 1 3
930 0 1
931 2 1
932 2 1
933 3 2
934 1 2
935 3 2
936 0 3
937 3 2
938 2 0
939 3 1
940 0 1
941 0 3
942 3 1
943 1 0
944 3 1
945 3 2
946 0 2
947 1 2
948 3 2
949 1 2
950 1 0
951 1 2
952 1 0
953 3 1
954 0 3
955 0 1
956 3 0
957 2 1
958 0 2
959 0 3
960 3 2
961 1 2
962 3 0
963 2 1
964 0 3
965 1 2
966 3 1
967 2 1
968 0 2
969 2 1
970 3 2
971 2 3
972 0 1
973 0 3
974 1 2
975 2 3
976 3 2
977 0 2
978 1 0
979 0 3
980 2 0
981 1 2
982 2 0
983 0 3
984 1 0
985 1 3
986 3 2
987 1 2
988 1 0
989 2 3
990 1 0
991 1 2
992 1 0
993 0 3
994 3 2
995 0 2
996 1 2
997 1 3
998 2 0
999 3 0
1000 0 2
1001 1 3
1002 2 3
1003 0 2
1004 3 2
1005 1 3
1006 1 0
1007 0 2
1008 1 0
1009 2 0
1010 2 1
1011 0 2
1012 2 3
1013 0 3
1014 2 0
1015 0 2
1016 2 1
1017 1 2
1018 0 1
1019 2 3
1020 3 1
1021 0 3
1022 2 3
1023 3 2
1024 1 2
1025 0 3
1026 2 0
1027 3 0
1028 1 3
1029 2 3
1030 1 2
1031 2 1
1032 0 1
1033 1 3
1034 2 1
1035 1 2
1036 0 2
1037 2 1
1038 3 0
1039 2 3
1040 1 3
1041 2 3
1042 2 1
1043 0 3
1044 2 3
1045 2 0
1046 3 1
1047 3 0
1048 0 3
1049 1 3
1050 2 3
1051 3 0
1052 0 1
1053 3 0
1054 1 0
1055 1 3
1056 2 3
1057 1 2
1058 3 0
1059 1 0
1060 2 0
1061 0 1
1062 3 1
1063 3 2
1064 0 3
1065 3 0
1066 2 3
1067 3 1
1068 3 0
1069 0 3
1070 0 3
1071 2 0
1072 2 0
1073 2 3
1074 1 0
1075 3 0
1076 2 3
1077 1 2
1078 0 1
1079 1 2
1080 0 3
1081 3 0
1082 3 1
1083 1 0
1084 0 1
1085 1 2
1086 1 3
1087 1 2
1088 2 0
1089 1 0
1090 1 0
1091 0 3
1092 3 2
1093 1 2
1094 1 0
1095 3 2
1096 2 1
1097 2 1
1098 3 1
1099 0 2
1100 3 1
1101 1 3
1102 3 0
1103 2 0
1104 1 0
1105 3 0
1106 1 2
1107 1 2
1108 2 1
1109 0 3
1110 1 2
1111 0 2
1112 1 0
1113 2 0
1114 1 0
1115 3 2
1116 3 2
1117 3 0
1118 0 2
1119 3 1
1120 1 3
1121 2 1
1122 1 2
1123 1 3
1124 2 1
1125 1 3
1126 3 1
1127 3 1
1128 3 2
1129 2 1
1130 3 1
1131 1 3
1132 2 1
1133 2 1
1134 3 2
1135 0 3
1136 2 3
1137 2 3
1138 3 1
1139 2 0
1140 0 1
1141 2 1
1142 0 2
1143 0 2
1144 3 1
1145 2 3
1146 1 3
1147 3 0
1148 2 0
1149 2 0
1150 0 3
1151 3 0
1152 0 3
1153 0 1
1154 3 0
1155 2 0
1156 3 1
1157 0 2
1158 1 2
1159 3 1
1160 0 2
1161 3 2
1162 0 2
1163 1 3
1164 1 0
1165 0 3
1166 1 0
1167 1 3
1168 1 0
1169 0 2
1170 1 3
1171 2 0
1172 0 3
1173 0 2
1174 2 1
1175 1 0
1176 3 1
1177 2 3
1178 3 1
1179 2 0
1180 3 1
1181 2 3
1182 1 0
1183 0 1
1184 1 0
1185 2 0
1186 1 3
1187 2 0
1188 3 0
1189 2 1
1190 0 3
1191 1 3
1192 2 1
1193 2 3
1194 1 2
1195 1 0
1196 0 3
1197 1 0
1198 3 1
1199 0 1
1200 0 2
1201 3 2
1202 1 3
1203 1 2
1204 0 3
1205 3 2
1206 1 0
1207 2 0
1208 3 2
1209 2 3
1210 3 1
1211 3 0
1212 2 3
1213 0 2
1214 1 3
1215 2 3
1216 2 1
1217 3 1
1218 1 0
1219 1 3
1220 1 3
1221 1 0
1222 2 1
1223 0 2
1224 2 1
1225 1 2
1226 1 3
1227 2 1
1228 2 1
1229 3 1
1230 3 1
1231 1 3
1232 3 2
1233 1 2
1234 3 1
1235 3 1
1236 0 2
1237 1 3
1238 3 2
1239 0 2
1240 2 1
1241 2 3
1242 2 1
1243 0 1
1244 0 1
1245 1 0
1246 0 1
1247 2 0
1248 3 2
1249 2 3
1250 1 0
1251 2 0
1252 3 1
1253 0 2
1254 1 3
1255 2 1
1256 1 3
1257 3 1
1258 2 3
1259 0 2
1260 2 3
1261 0 3
1262 2 0
1263 0 1
1264 3 1
1265 3 0
1266 3 1
1267 3 1
1268 0 1
1269 3 0
1270 3 1
1271 2 3
1272 3 2
1273 1 0
1274 1 0
1275 1 2
1276 3 1
1277 1 3
1278 3 2
1279 0 2
1280 1 2
1281 1 0
1282 1 3
1283 0 2
1284 2 1
1285 0 1
1286 0 3
1287 3 2
1288 2 3
1289 3 0
1290 3 2
1291 3 1
1292 1 2
1293 0 2
1294 3 0
1295 1 2
1296 2 3
1297 0 2
1298 1 3
1299 1 2
1300 3 1
1301 0 3
1302 0 1
1303 3 0
1304 2 1
1305 3 0
1306 0 1
1307 3 0
1308 2 1
1309 3 2
1310 2 0
1311 0 3
1312 0 3
1313 3 2
1314 0 2
1315 1 3
1316 1 3
1317 0 2
1318 1 2
1319 3 0
1320 0 2
1321 1 2
1322 1 2
1323 2 1
1324 3 2
1325 1 0
1326 1 3
1327 1 2
1328 3 2
1329 3 0
1330 0 1
1331 1 2
1332 0 3
1333 2 0
1334 2 1
1335 3 2
1336 2 3
1337 2 0
1338 1 3
1339 0 2
1340 3 1
1341 1 2
1342 2 0
1343 3 1
1344 1 2
1345 2 0
1346 2 1
1347 1 0
1348 3 2
1349 0 3
1350 3 2
1351 1 3
1352 2 0
1353 1 2
1354 1 2
1355 1 2
1356 0 3
1357 0 1
1358 2 0
1359 0 3
1360 3 1
1361 3 0
1362 1 0
1363 1 3
1364 1 2
1365 2 3
1366 1 3
1367 3 0
1368 3 1
1369 3 2
1370 1 0
1371 0 1
1372 2 3
1373 2 1
1374 3 1
1375 3 2
1376 2 1
1377 0 2
1378 3 2
1379 2 0
1380 2 3
1381 2 1
1382 0 3
1383 2 0
1384 1 2
1385 2 0
1386 1 0
1387 1 0
1388 2 0
1389 2 3
1390 3 1
1391 3 1
1392 0 2
1393 3 1
1394 3 0
1395 1 2
1396 3 2
1397 1 2
1398 0 3
1399 1 3
1400 3 2
1401 2 0
1402 2 3
1403 0 1
1404 0 1
1405 2 3
1406 2 3
1407 2 3
1408 1 0
1409 1 2
1410 0 3
1411 2 1
1412 2 3
1413 0 1
1414 1 3
1415 3 0
1416 2 1
1417 3 2
1418 3 2
1419 3 1
1420 0 1
1421 3 2
1422 3 2
1423 0 1
1424 2 1
1425 0 2
1426 3 2
1427 2 1
1428 0 3
1429 0 3
1430 0 1
1431 1 2
1432 0 1
1433 0 3
1434 1 3
1435 0 2
1436 2 0
1437 2 3
1438 3 0
1439 1 2
1440 3 0
1441 1 3
1442 0 3
1443 2 0
1444 3 0
1445 1 0
1446 1 3
1447 1 3
1448 0 3
1449 1 2
1450 2 0
1451 1 0
1452 3 0
1453 0 2
1454 2 3
1455 1 3
1456 0 2
1457 3 2
1458 0 2
1459 3 0
1460 2 1
1461 1 3
1462 0 2
1463 1 2
1464 0 2
1465 2 0
1466 0 2
1467 3 2
1468 3 1
1469 2 3
1470 1 0
1471 3 1
1472 1 3
1473 1 3
1474 0 2
1475 0 3
1476 1 0
1477 2 3
1478 3 2
1479 0 1
1480 0 1
1481 2 1
1482 0 1
1483 2 1
1484 2 1
1485 0 1
1486 0 2
1487 0 1
1488 0 3
1489 3 1
1490 1 3
1491 2 1
1492 2 1
1493 1 3
1494 2 1
1495 3 0
1496 2 1
1497 3 0
1498 0 2
1499 1 2
1500 3 2
1501 1 3
1502 2 1
1503 2 1
1504 3 1
1505 3 1
1506 2 1
1507 0 1
1508 2 3
1509 0 3
1510 0 3
1511 1 2
1512 2 0
1513 0 3
1514 3 0
1515 1 3
1516 1 2
1517 3 1
1518 2 1
1519 3 0
1520 1 3
1521 3 2
1522 0 1
1523 3 1
1524 3 0
1525 3 0
1526 1 0
1527 2 1
1528 0 1
1529 3 0
1530 1 2
1531 2 1
1532 2 0
1533 1 2
1534 1 0
1535 2 3
1536 0 2
1537 1 0
1538 0 3
1539 0 1
1540 1 0
1541 2 1
1542 2 3
1543 3 0
1544 1 0
1545 1 0
1546 0 2
1547 3 2
1548 0 1
1549 3 0
1550 2 1
1551 3 1
1552 0 2
1553 0 1
1554 0 1
1555 0 1
1556 1 0
1557 0 2
1558 2 0
1559 3 1
1560 2 1
1561 0 2
1562 3 0
1563 3 1
1564 3 0
1565 0 2
1566 3 0
1567 1 3
1568 3 2
1569 3 0
1570 1 0
1571 3 2
1572 2 3
1573 3 0
1574 3 2
1575 2 3
1576 2 1
1577 3 2
1578 0 1
1579 2 0
1580 1 0
1581 2 3
1582 1 3
1583 0 1
1584 0 1
1585 0 3
1586 2 1
1587 0 1
1588 1 3
1589 2 0
1590 1 0
1591 1 3
1592 0 1
1593 0 2
1594 2 0
1595 2 0
1596 0 1
1597 0 1
1598 3 2
1599 3 0
1600 2 0
1601 1 3
1602 2 1
1603 1 2
1604 0 2
1605 3 2
1606 2 3
1607 0 1
1608 1 3
1609 2 3
1610 1 2
1611 3 2
1612 1 0
1613 2 3
1614 2 3
1615 0 2
1616 2 0
1617 0 1
1618 3 2
1619 1 0
1620 2 1
1621 2 1
1622 1 2
1623 2 3
1624 3 1
1625 3 0
1626 2 3
1627 3 2
1628 3 0
1629 0 1
1630 0 2
1631 3 1
1632 1 3
1633 2 3
1634 1 0
1635 1 2
1636 0 1
1637 1 0
1638 2 1
1639 1 2
1640 1 2
1641 3 2
1642 1 2
1643 3 0
1644 3 1
1645 0 2
1646 3 1
1647 1 0
1648 0 1
1649 0 2
1650 0 2
1651 2 3
1652 2 3
1653 1 0
1654 0 2
1655 0 2
1656 0 1
1657 1 0
1658 3 1
1659 0 3
1660 3 1
1661 1 0
1662 2 1
1663 1 2
1664 1 2
1665 3 2
1666 3 1
1667 2 0
1668 1 0
1669 1 3
1670 2 1
1671 2 3
1672 3 0
1673 3 2
1674 3 1
1675 3 1
1676 0 1
1677 0 1
1678 1 2
1679 3 1
1680 2 0
1681 3 0
1682 2 0
1683 1 2
1684 3 1
1685 0 1
1686 1 0
1687 3 1
1688 1 2
1689 0 3
1690 0 1
1691 3 0
1692 3 0
1693 2 3
1694 2 1
1695 1 0
1696 2 0
1697 0 2
1698 2 0
1699 2 1
1700 3 0
1701 3 2
1702 0 3
1703 2 1
1704 2 0
1705 1 0
1706 2 1
1707 0 1
1708 0 3
1709 0 2
1710 0 3
1711 1 0
1712 3 1
1713 0 2
1714 3 1
1715 3 1
1716 3 2
1717 1 0
1718 2 0
1719 1 0
1720 2 1
1721 0 3
1722 0 2
1723 1 0
1724 0 3
1725 3 1
1726 0 3
1727 3 2
1728 1 2
1729 3 1
1730 0 2
1731 3 2
1732 0 2
1733 0 3
1734 2 1
1735 2 0
1736 3 1
1737 1 0
1738 0 3
1739 2 3
1740 1 3
1741 1 0
1742 3 1
1743 0 3
1744 0 3
1745 1 3
1746 0 1
1747 1 3
1748 0 2
1749 3 0
1750 0 3
1751 2 1
1752 1 2
1753 1 3
1754 0 3
1755 0 3
1756 1 2
1757 3 1
1758 0 3
1759 2 0
1760 1 3
1761 0 1
1762 0 3
1763 0 2
1764 1 3
1765 3 0
1766 3 1
1767 3 1
1768 0 2
1769 1 0
1770 2 0
1771 3 1
1772 3 1
1773 2 0
1774 1 0
1775 0 1
1776 3 1
1777 0 1
1778 2 3
1779 2 1
1780 2 1
1781 0 1
1782 0 1
1783 2 1
1784 3 0
1785 3 1
1786 1 0
1787 0 2
1788 1 2
1789 2 1
1790 1 0
1791 3 1
1792 0 2
1793 3 2
1794 3 0
1795 1 2
1796 3 0
1797 0 3
1798 3 2
1799 2 1
1800 3 0
1801 0 3
1802 0 2
1803 1 2
1804 3 0
1805 1 3
1806 0 1
1807 2 3
1808 0 3
1809 2 0
1810 1 2
1811 2 1
1812 3 1
1813 2 0
1814 2 0
1815 0 2
1816 1 2
1817 0 1
1818 2 0
1819 3 2
1820 2 0
1821 0 3
1822 3 2
1823 2 3
1824 2 0
1825 3 1
1826 0 2
1827 2 0
1828 0 3
1829 3 1
1830 3 0
1831 1 0
1832 0 3
1833 1 3
1834 2 3
1835 2 3
1836 3 2
1837 0 3
1838 0 1
1839 0 2
1840 1 3
1841 0 1
1842 2 0
1843 1 3
1844 0 2
1845 0 1
1846 3 0
1847 2 0
1848 0 2
1849 0 3
1850 0 2
1851 1 3
1852 3 1
1853 1 2
1854 0 1
1855 1 3
1856 1 2
1857 3 2
1858 1 2
1859 2 1
1860 3 0
1861 0 1
1862 1 2
1863 2 1
1864 0 2
1865 3 0
1866 2 0
1867 2 1
1868 3 0
1869 2 0
1870 2 1
1871 2 0
1872 0 1
1873 0 3
1874 2 3
1875 1 3
1876 0 1
1877 1 3
1878 0 2
1879 0 2
1880 1 3
1881 0 3
1882 0 3
1883 0 1
1884 2 3
1885 1 2
1886 1 0
1887 0 1
1888 0 2
1889 1 0
1890 2 1
1891 0 1
1892 0 2
1893 0 3
1894 1 2
1895 3 0
1896 1 2
1897 1 3
1898 2 1
1899 3 0
1900 0 3
1901 1 3
1902 2 3
1903 0 3
1904 0 2
1905 2 3
1906 3 0
1907 0 2
1908 1 3
1909 0 3
1910 3 0
1911 2 1
1912 1 3
1913 3 1
1914 2 1
1915 2 1
1916 0 1
1917 1 3
1918 1 2
1919 2 1
1920 0 2
1921 0 1
1922 0 1
1923 2 3
1924 1 0
1925 1 3
1926 2 0
1927 1 0
1928 2 0
1929 2 0
1930 1 2
1931 1 3
1932 0 3
1933 0 3
1934 1 2
1935 0 1
1936 3 0
1937 0 2
1938 3 0
1939 1 0
1940 0 2
1941 2 1
1942 3 0
1943 0 2
1944 1 2
1945 3 1
1946 0 1
1947 1 0
1948 3 2
1949 1 0
1950 0 1
1951 0 3
1952 1 3
1953 1 3
1954 3 2
1955 2 1
1956 1 2
1957 3 0
1958 2 1
1959 3 0
1960 3 0
1961 1 3
1962 2 3
1963 2 1
1964 1 0
1965 3 1
1966 1 3
1967 3 0
1968 3 1
1969 3 1
1970 3 2
1971 2 1
1972 0 1
1973 0 3
1974 0 3
1975 0 3
1976 1 2
1977 3 0
1978 3 0
1979 3 1
1980 3 2
1981 3 1
1982 0 2
1983 3 0
1984 3 0
1985 3 1
1986 3 0
1987 2 1
1988 0 2
1989 1 0
1990 1 2
1991 1 2
1992 1 0
1993 0 2
1994 1 2
1995 2 3
1996 2 1
1997 3 2
1998 3 1
1999 0 1
2000 2 3
2001 3 1
2002 1 2
2003 2 3
2004 0 1
2005 1 3
2006 1 0
2007 0 1
2008 1 0
2009 1 0
2010 0 1
2011 2 0
2012 3 0
2013 3 1
2014 0 1
2015 3 2
2016 0 1
2017 1 0
2018 0 2
2019 0 1
2020 2 1
2021 0 1
2022 1 3
2023 2 0
2024 1 0
2025 0 3
2026 1 2
2027 0 2
2028 1 3
2029 2 3
2030 2 3
2031 2 3
2032 1 2
2033 1 3
2034 3 1
2035 0 1
2036 0 3
2037 1 2
2038 3 2
2039 2 1
2040 2 3
2041 2 3
2042 1 2
2043 1 3
2044 1 2
2045 0 2
2046 3 2
2047 3 1
2048 2 3
2049 0 3
2050 2 1
2051 2 0
2052 1 0
2053 3 0
2054 0 3
2055 3 2
2056 0 2
2057 0 1
2058 0 3
2059 0 1
2060 3 0
2061 1 0
2062 3 0
2063 2 0
2064 3 1
2065 2 1
2066 0 1
2067 3 2
2068 1 3
2069 1 2
2070 0 2
2071 2 0
2072 0 2
2073 0 1
2074 2 3
2075 0 1
2076 2 1
2077 2 3
2078 2 3
2079 3 1
2080 3 2
2081 0 3
2082 1 3
2083 1 0
2084 3 1
2085 2 3
2086 0 1
2087 0 3
2088 0 2
2089 3 2
2090 0 1
2091 2 1
2092 0 3
2093 0 1
2094 3 1
2095 0 3
2096 2 1
2097 1 2
2098 0 2
2099 0 2
2100 1 2
2101 3 0
2102 0 3
2103 3 2
2104 0 1
2105 0 1
2106 1 3
2107 2 1
2108 0 2
2109 3 0
2110 0 2
2111 0 2
2112 3 0
2113 3 0
2114 1 0
2115 0 1
2116 1 2
2117 1 3
2118 3 2
2119 1 2
2120 1 2
2121 1 3
2122 1 3
2123 3 0
2124 2 0
2125 2 3
2126 2 3
2127 2 3
2128 1 2
2129 3 1
2130 0 2
2131 0 1
2132 1 3
2133 0 2
2134 1 0
2135 0 1
2136 2 1
2137 1 2
2138 0 3
2139 0 2
2140 1 2
2141 1 0
2142 3 1
2143 1 0
2144 0 2
2145 0 1
2146 3 2
2147 2 3
2148 3 1
2149 0 3
2150 3 0
2151 2 1
2152 0 1
2153 3 1
2154 3 2
2155 1 3
2156 0 1
2157 2 3
2158 0 3
2159 1 0
2160 1 3
2161 0 1
2162 0 3
2163 2 3
2164 0 1
2165 0 3
2166 2 1
2167 0 2
2168 1 2
2169 1 3
2170 2 3
2171 0 3
2172 1 2
2173 1 0
2174 1 3
2175 3 1
2176 1 2
2177 2 0
2178 3 1
2179 3 2
2180 2 3
2181 0 1
2182 0 1
2183 3 0
2184 2 1
2185 0 3
2186 0 1
2187 1 3
2188 1 3
2189 2 0
2190 3 2
2191 2 0
2192 2 1
2193 0 1
2194 0 2
2195 0 2
2196 0 2
2197 1 0
2198 3 1
2199 0 1
2200 2 3
2201 1 3
2202 1 3
2203 1 3
2204 3 1
2205 2 3
2206 0 3
2207 2 1
2208 3 2
2209 2 1
2210 1 0
2211 2 1
2212 2 3
2213 0 3
2214 2 0
2215 2 0
2216 3 0
2217 1 2
2218 3 1
2219 3 2
2220 1 0
2221 0 1
2222 1 3
2223 1 3
2224 2 1
2225 2 0
2226 3 2
2227 3 1
2228 1 0
2229 2 3
2230 3 2
2231 0 3
2232 1 2
2233 1 0
2234 1 2
2235 1 0
2236 0 3
2237 1 2
2238 2 1
2239 2 1
2240 2 3
2241 0 3
2242 1 2
2243 2 1
2244 2 0
2245 3 1
2246 3 2
2247 3 1
2248 1 0
2249 1 0
2250 0 1
2251 0 2
2252 0 2
2253 3 0
2254 3 2
2255 0 3
2256 1 0
2257 3 0
2258 0 3
2259 0 2
2260 1 0
2261 0 3
2262 2 3
2263 3 1
2264 3 2
2265 2 0
2266 0 1
2267 0 2
2268 2 3
2269 3 1
2270 3 1
2271 1 3
2272 2 3
2273 1 2
2274 3 1
2275 0 3
2276 1 2
2277 2 3
2278 1 2
2279 0 3
2280 2 0
2281 2 0
2282 3 0
2283 3 2
2284 0 2
2285 2 1
2286 2 1
2287 3 0
2288 1 0
2289 1 3
2290 1 0
2291 0 3
2292 2 1
2293 1 0
2294 2 1
2295 0 1
2296 1 3
2297 0 3
2298 3 2
2299 2 1
2300 2 0
2301 0 2
2302 2 3
2303 1 3
2304 2 1
2305 2 1
2306 2 0
2307 1 2
2308 0 2
2309 2 3
2310 2 3
2311 1 3
2312 0 1
2313 0 1
2314 3 1
2315 0 2
2316 3 1
2317 3 2
2318 2 3
2319 2 1
2320 0 1
2321 0 2
2322 0 1
2323 0 3
2324 0 2
2325 0 2
2326 2 1
2327 3 1
2328 0 2
2329 3 2
2330 3 1
2331 2 3
2332 2 1
2333 2 3
2334 3 1
2335 0 2
2336 3 2
2337 0 3
2338 1 0
2339 3 1
2340 2 0
2341 3 0
2342 3 1
2343 3 0
2344 2 3
2345 3 0
2346 0 1
2347 3 2
2348 0 3
2349 1 0
2350 0 1
2351 1 0
2352 2 1
2353 0 2
2354 1 0
2355 1 2
2356 3 1
2357 1 2
2358 3 2
2359 2 0
2360 0 3
2361 0 3
2362 3 0
2363 0 2
2364 3 1
2365 1 2
2366 3 2
2367 3 1
2368 3 0
2369 1 2
2370 3 2
2371 0 3
2372 3 1
2373 3 1
2374 1 0
2375 0 1
2376 1 3
2377 1 3
2378 2 3
2379 1 2
2380 2 1
2381 1 0
2382 3 2
2383 2 1
2384 2 3
2385 3 0
2386 1 2
2387 0 2
2388 3 0
2389 2 1
2390 3 0
2391 1 2
2392 3 1
2393 1 2
2394 2 0
2395 2 3
2396 1 3
2397 2 3
2398 2 3
2399 3 0
2400 2 1
2401 0 2
2402 0 3
2403 1 3
2404 1 3
2405 1 2
2406 3 0
2407 1 2
2408 2 0
2409 2 0
2410 0 3
2411 2 1
2412 2 3
2413 1 3
2414 2 3
2415 0 3
2416 0 3
2417 0 3
2418 1 2
2419 0 1
2420 1 3
2421 1 2
2422 3 0
2423 2 0
2424 2 1
2425 0 1
2426 2 1
2427 3 1
2428 1 2
2429 2 3
2430 2 0
2431 0 1
2432 3 0
2433 3 1
2434 3 2
2435 0 3
2436 0 2
2437 3 2
2438 0 3
2439 0 3
2440 2 0
2441 0 3
2442 0 1
2443 3 0
2444 3 1
2445 0 1
2446 2 1
2447 0 1
2448 0 1
2449 1 0
2450 0 1
2451 2 3
2452 2 0
2453 1 3
2454 3 0
2455 2 0
2456 1 0
2457 1 0
2458 3 1
2459 3 1
2460 2 0
2461 2 1
2462 2 0
2463 3 0
2464 0 2
2465 1 2
2466 0 3
2467 0 3
2468 2 1
2469 0 3
2470 3 1
2471 1 2
2472 1 0
2473 1 2
2474 0 1
2475 0 1
2476 3 2
2477 2 0
2478 0 3
2479 1 0
2480 2 0
2481 1 0
2482 2 3
2483 0 1
2484 1 3
2485 2 1
2486 3 0
2487 0 3
2488 1 0
2489 2 0
2490 1 3
2491 3 0
2492 0 2
2493 3 2
2494 3 0
2495 0 1
2496 3 2
2497 1 3
2498 3 2
2499 0 2
2500 2 3
2501 1 2
2502 3 0
2503 3 0
2504 0 1
2505 0 2
2506 3 2
2507 1 0
2508 1 0
2509 1 3
2510 1 0
2511 0 1
2512 3 1
2513 0 1
2514 3 1
2515 3 0
2516 3 1
2517 1 3
2518 1 2
2519 3 1
2520 1 3
2521 0 2
2522 1 3
2523 2 1
2524 1 0
2525 0 3
2526 0 1
2527 2 3
2528 1 0
2529 1 2
2530 3 1
2531 2 3
2532 1 3
2533 1 0
2534 1 0
2535 3 2
2536 1 3
2537 0 1
2538 1 3
2539 1 0
2540 1 0
2541 1 2
2542 2 3
2543 1 3
2544 0 3
2545 3 1
2546 2 0
2547 3 0
2548 0 1
2549 0 3
2550 2 1
2551 1 3
2552 1 2
2553 1 3
2554 1 3
2555 2 0
2556 0 2
2557 1 3
2558 3 0
2559 2 3
2560 2 0
2561 0 1
2562 3 0
2563 2 3
2564 2 0
2565 2 0
2566 0 2
2567 2 1
2568 0 1
2569 2 0
2570 1 0
2571 0 3
2572 0 2
2573 2 3
2574 2 0
2575 0 3
2576 2 1
2577 3 0
2578 1 2
2579 1 2
2580 3 0
2581 3 2
2582 1 0
2583 1 0
2584 2 0
2585 1 0
2586 1 3
2587 0 3
2588 0 2
2589 3 2
2590 1 0
2591 3 2
2592 1 3
2593 2 1
2594 2 1
2595 1 2
2596 2 3
2597 3 1
2598 2 3
2599 3 0
2600 0 3
2601 0 1
2602 0 2
2603 0 3
2604 2 3
2605 3 1
2606 0 1
2607 0 1
2608 2 3
2609 1 0
2610 3 2
2611 1 2
2612 2 0
2613 2 1
2614 0 2
2615 2 3
2616 0 3
2617 3 2
2618 2 1
2619 3 0
2620 1 0
2621 0 1
2622 3 2
2623 3 0
2624 0 1
2625 0 1
2626 2 0
2627 1 2
2628 2 3
2629 3 0
2630 0 3
2631 1 2
2632 2 3
2633 1 2
2634 3 1
2635 2 0
2636 2 1
2637 2 0
2638 1 3
2639 3 1
2640 1 0
2641 3 0
2642 0 1
2643 1 3
2644 1 3
2645 0 2
2646 2 0
2647 0 2
2648 1 2
2649 0 2
2650 2 0
2651 3 1
2652 2 1
2653 1 2
2654 0 2
2655 1 0
2656 0 3
2657 2 0
2658 0 3
2659 3 2
2660 2 3
2661 2 1
2662 3 1
2663 0 2
2664 3 0
2665 0 1
2666 3 1
2667 2 3
2668 1 0
2669 2 3
2670 0 1
2671 1 2
2672 0 1
2673 0 2
2674 2 3
2675 2 3
2676 3 2
2677 0 2
2678 0 2
2679 0 1
2680 0 1
2681 1 3
2682 3 2
2683 1 3
2684 2 3
2685 3 1
2686 0 2
2687 0 3
2688 2 0
2689 0 2
2690 0 2
2691 1 2
2692 1 2
2693 0 1
2694 0 1
2695 1 2
2696 3 1
2697 1 0
2698 2 0
2699 2 1
2700 0 2
2701 1 2
2702 0 2
2703 2 1
2704 2 0
2705 2 3
2706 1 3
2707 3 1
2708 3 2
2709 0 3
2710 3 1
2711 0 3
2712 2 1
2713 2 1
2714 3 1
2715 2 0
2716 2 0
2717 1 2
2718 1 2
2719 2 3
2720 2 3
2721 2 3
2722 3 2
2723 2 1
2724 1 0
2725 2 3
2726 3 1
2727 0 2
2728 2 3
2729 1 0
2730 0 3
2731 3 2
2732 3 0
2733 3 0
2734 2 3
2735 2 1
2736 1 0
2737 3 1
2738 3 2
2739 1 2
2740 2 3
2741 3 1
2742 1 0
2743 3 2
2744 1 3
2745 1 2
2746 0 3
2747 1 2
2748 3 2
2749 2 3
2750 3 2
2751 3 1
2752 2 1
2753 2 3
2754 0 3
2755 3 1
2756 1 2
2757 2 3
2758 0 1
2759 1 3
2760 0 2
2761 0 1
2762 2 1
2763 0 2
2764 3 1
2765 3 1
2766 2 3
2767 1 2
2768 0 3
2769 1 0
2770 0 2
2771 3 2
2772 2 1
2773 3 0
2774 3 0
2775 0 3
2776 2 0
2777 1 3
2778 3 2
2779 1 2
2780 0 1
2781 3 0
2782 1 3
2783 3 2
2784 2 1
2785 0 2
2786 2 0
2787 2 0
2788 3 1
2789 2 0
2790 1 2
2791 3 1
2792 0 1
2793 1 3
2794 1 3
2795 3 2
2796 1 3
2797 1 2
2798 1 3
2799 0 3
2800 0 1
2801 3 0
2802 1 3
2803 2 0
2804 2 3
2805 2 0
2806 2 0
2807 0 1
2808 3 0
2809 1 2
2810 0 3
2811 2 3
2812 2 0
2813 0 1
2814 2 3
2815 1 3
2816 0 1
2817 1 0
2818 3 0
2819 2 3
2820 1 3
2821 2 0
2822 2 3
2823 1 0
2824 0 2
2825 3 1
2826 0 1
2827 2 3
2828 2 3
2829 3 1
2830 3 2
2831 1 2
2832 3 0
2833 0 2
2834 2 1
2835 1 3
2836 3 1
2837 1 3
2838 2 3
2839 1 3
2840 2 1
2841 2 1
2842 3 0
2843 0 2
2844 1 2
2845 2 0
2846 0 2
2847 1 2
2848 0 3
2849 0 1
2850 2 3
2851 3 2
2852 2 1
2853 1 3
2854 1 0
2855 2 3
2856 0 1
2857 2 1
2858 3 2
2859 1 2
2860 0 3
2861 1 0
2862 1 2
2863 0 1
2864 3 0
2865 3 0
2866 0 2
2867 1 0
2868 2 1
2869 3 1
2870 0 1
2871 1 2
2872 2 3
2873 0 2
2874 0 3
2875 3 1
2876 3 1
2877 3 0
2878 3 0
2879 2 0
2880 3 0
2881 0 3
2882 0 1
2883 0 3
2884 3 2
2885 0 1
2886 0 3
2887 3 1
2888 1 0
2889 2 1
2890 1 2
2891 0 3
2892 0 1
2893 3 1
2894 2 0
2895 0 2
2896 3 2
2897 3 2
2898 2 3
2899 3 0
2900 0 1
2901 1 3
2902 2 1
2903 1 2
2904 1 2
2905 0 2
2906 2 3
2907 1 3
2908 2 1
2909 0 2
2910 2 0
2911 3 2
2912 1 2
2913 1 3
2914 0 2
2915 2 0
2916 0 3
2917 2 0
2918 1 3
2919 3 1
2920 0 2
2921 1 2
2922 1 3
2923 2 1
2924 2 3
2925 2 1
2926 0 3
2927 0 3
2928 0 1
2929 3 2
2930 0 3
2931 2 3
2932 3 1
2933 1 3
2934 1 0
2935 1 3
2936 0 1
2937 3 1
2938 0 3
2939 1 2
2940 2 0
2941 3 1
2942 3 2
2943 2 3
2944 2 3
2945 2 0
2946 1 2
2947 0 2
2948 2 0
2949 2 0
2950 3 2
2951 2 3
2952 1 0
2953 0 1
2954 3 0
2955 0 3
2956 1 0
2957 2 0
2958 0 2
2959 1 0
2960 0 3
2961 3 2
2962 1 3
2963 2 3
2964 2 0
2965 1 0
2966 0 2
2967 3 2
2968 3 1
2969 3 0
2970 2 1
2971 3 2
2972 3 1
2973 3 0
2974 2 3
2975 0 3
2976 0 1
2977 3 2
2978 1 2
2979 3 2
2980 0 2
2981 2 0
2982 2 1
2983 0 2
2984 2 0
2985 3 0
2986 1 3
2987 2 1
2988 0 1
2989 2 0
2990 0 3
2991 3 0
2992 1 3
2993 1 2
2994 0 3
2995 2 1
2996 2 0
2997 3 1
2998 0 3
2999 1 3
3000 0 2
3001 1 2
3002 1 0
3003 2 3
3004 3 1
3005 0 2
3006 0 3
3007 0 3
3008 3 2
3009 2 3
3010 1 0
3011 2 1
3012 0 1
3013 3 2
3014 2 3
3015 3 0
3016 0 2
3017 1 0
3018 1 0
3019 0 1
3020 0 2
3021 1 3
3022 0 1
3023 3 2
3024 0 3
3025 0 2
3026 3 2
3027 2 3
3028 1 2
3029 2 3
3030 1 0
3031 0 3
3032 3 2
3033 2 1
3034 0 1
3035 3 0
3036 1 2
3037 3 0
3038 3 2
3039 3 0
3040 3 1
3041 2 1
3042 0 2
3043 1 3
3044 1 0
3045 2 3
3046 3 0
3047 0 2
3048 3 1
3049 1 0
3050 3 1
3051 3 1
3052 3 0
3053 2 0
3054 2 0
3055 1 2
3056 2 3
3057 2 0
3058 0 2
3059 0 3
3060 0 2
3061 1 2
3062 3 0
3063 2 3
3064 2 3
3065 0 2
3066 3 0
3067 3 0
3068 3 1
3069 3 0
3070 1 2
3071 2 1
3072 0 3
3073 3 1
3074 1 2
3075 3 0
3076 2 3
3077 3 1
3078 2 3
3079 2 0
3080 1 2
3081 0 2
3082 0 3
3083 0 1
3084 3 1
3085 0 3
3086 1 2
3087 1 0
3088 0 3
3089 3 0
3090 2 3
3091 1 0
3092 0 3
3093 1 3
3094 3 0
3095 1 2
3096 2 0
3097 2 0
3098 3 0
3099 1 2
3100 3 1
3101 3 0
3102 2 0
3103 1 3
3104 3 0
3105 1 3
3106 1 2
3107 3 2
3108 0 1
3109 0 1
3110 2 1
3111 1 0
3112 1 0
3113 1 0
3114 1 3
3115 2 3
3116 0 2
3117 1 3
3118 0 2
3119 1 3
3120 1 0
3121 3 1
3122 2 3
3123 0 1
3124 1 0
3125 1 2
3126 2 3
3127 0 2
3128 3 2
3129 3 1
3130 0 1
3131 3 1
3132 1 3
3133 2 1
3134 1 0
3135 1 2
3136 3 1
3137 0 3
3138 3 0
3139 3 0
3140 0 1
3141 2 3
3142 2 3
3143 2 0
3144 3 2
3145 1 0
3146 3 2
3147 3 0
3148 2 0
3149 0 3
3150 1 2
3151 2 1
3152 2 1
3153 0 1
3154 3 1
3155 0 2
3156 3 1
3157 0 3
3158 0 1
3159 2 0
3160 0 1
3161 3 0
3162 3 1
3163 3 2
3164 0 3
3165 0 3
3166 0 2
3167 1 2
3168 3 1
3169 1 2
3170 1 3
3171 2 3
3172 2 1
3173 0 3
3174 0 2
3175 2 0
3176 1 0
3177 2 3
3178 1 0
3179 0 3
3180 2 0
3181 3 0
3182 1 0
3183 2 3
3184 0 3
3185 0 2
3186 2 0
3187 0 2
3188 2 3
3189 0 3
3190 2 1
3191 0 2
3192 3 2
3193 3 2
3194 3 2
3195 2 3
3196 2 1
3197 2 1
3198 2 3
3199 0 2
3200 2 1
3201 3 1
3202 3 0
3203 2 1
3204 1 2
3205 0 1
3206 0 1
3207 1 3
3208 0 2
3209 2 0
3210 3 0
3211 0 3
3212 0 3
3213 2 1
3214 0 3
3215 1 0
3216 3 2
3217 0 2
3218 2 0
3219 1 3
3220 3 1
3221 0 2
3222 2 1
3223 0 1
3224 0 2
3225 2 3
3226 0 1
3227 0 2
3228 1 3
3229 2 0
3230 1 0
3231 3 1
3232 1 3
3233 2 0
3234 2 0
3235 0 2
3236 2 3
3237 2 1
3238 3 0
3239 3 0
3240 3 1
3241 1 0
3242 2 3
3243 2 3
3244 1 0
3245 0 3
3246 2 3
3247 0 1
3248 0 3
3249 0 3
3250 2 1
3251 1 2
3252 3 1
3253 0 3
3254 3 1
3255 2 1
3256 3 0
3257 0 3
3258 0 2
3259 2 3
3260 3 2
3261 0 3
3262 0 1
3263 3 0
3264 1 0
3265 3 1
3266 0 1
3267 0 3
3268 3 2
3269 2 1
3270 0 3
3271 1 2
3272 0 2
3273 1 3
3274 2 3
3275 1 0
3276 2 1
3277 3 1
3278 1 0
3279 0 1
3280 1 3
3281 0 1
3282 2 1
3283 2 1
3284 0 1
3285 0 3
3286 3 1
3287 0 1
3288 3 2
3289 1 0
3290 3 2
3291 2 3
3292 0 1
3293 1 2
3294 0 3
3295 2 0
3296 3 1
3297 1 3
3298 1 2
3299 1 0
3300 1 3
3301 2 1
3302 1 0
3303 0 3
3304 0 2
3305 2 3
3306 3 1
3307 2 3
3308 1 0
3309 1 2
3310 0 1
3311 3 2
3312 0 3
3313 0 2
3314 3 0
3315 2 3
3316 1 0
3317 0 1
3318 1 2
3319 3 0
3320 2 0
3321 2 0
3322 2 0
3323 3 1
3324 3 0
3325 3 2
3326 1 2
3327 0 3
3328 3 1
3329 3 1
3330 3 2
3331 2 3
3332 1 2
3333 0 3
3334 2 0
3335 0 2
3336 1 2
3337 1 0
3338 2 0
3339 3 1
3340 0 3
3341 2 3
3342 2 3
3343 2 3
3344 1 3
3345 3 2
3346 1 2
3347 3 0
3348 0 1
3349 3 2
3350 1 0
3351 3 2
3352 3 2
3353 3 2
3354 0 2
3355 3 0
3356 1 3
3357 3 1
3358 2 3
3359 2 0
3360 3 0
3361 1 2
3362 3 1
3363 2 0
3364 3 0
3365 3 1
3366 0 2
3367 3 0
3368 3 1
3369 3 1
3370 3 2
3371 1 0
3372 0 3
3373 2 3
3374 1 0
3375 3 1
3376 0 2
3377 0 1
3378 3 0
3379 2 0
3380 3 1
3381 1 2
3382 2 3
3383 0 2
3384 2 3
3385 2 3
3386 1 3
3387 0 2
3388 0 1
3389 2 3
3390 0 3
3391 2 0
3392 3 2
3393 0 2
3394 0 3
3395 2 1
3396 3 2
3397 0 1
3398 0 2
3399 2 1
3400 3 0
3401 0 2
3402 3 2
3403 3 1
3404 2 1
3405 1 0
3406 2 0
3407 3 1
3408 1 0
3409 3 1
3410 2 3
3411 2 3
3412 3 0
3413 1 3
3414 3 0
3415 3 0
3416 1 3
3417 1 3
3418 3 2
3419 2 1
3420 1 2
3421 0 2
3422 3 1
3423 1 2
3424 0 1
3425 3 2
3426 3 1
3427 3 0
3428 1 2
3429 3 2
3430 0 2
3431 1 3
3432 0 3
3433 3 2
3434 1 0
3435 0 2
3436 2 0
3437 0 1
3438 2 0
3439 0 1
3440 1 0
3441 3 0
3442 3 0
3443 0 3
3444 2 1
3445 3 1
3446 0 3
3447 3 0
3448 1 2
3449 3 2
3450 0 2
3451 3 0
3452 1 2
3453 2 3
3454 0 1
3455 0 2
3456 1 2
3457 0 2
3458 0 2
3459 0 2
3460 0 1
3461 3 0
3462 0 3
3463 1 2
3464 1 0
3465 2 0
3466 3 1
3467 2 1
3468 2 1
3469 0 1
3470 0 1
3471 3 1
3472 3 1
3473 2 0
3474 2 0
3475 2 1
3476 1 2
3477 2 1
3478 1 3
3479 2 1
3480 0 2
3481 3 0
3482 3 0
3483 3 0
3484 2 0
3485 3 0
3486 3 1
3487 1 2
3488 2 1
3489 0 1
3490 0 3
3491 0 1
3492 2 0
3493 3 1
3494 1 2
3495 2 3
3496 2 3
3497 3 2
3498 0 2
3499 2 0
3500 0 2
3501 0 1
3502 1 2
3503 1 2
3504 0 1
3505 0 1
3506 0 1
3507 2 0
3508 0 3
3509 1 2
3510 2 1
3511 0 3
3512 1 0
3513 0 3
3514 3 0
3515 3 2
3516 3 0
3517 0 2
3518 1 0
3519 2 0
3520 0 3
3521 2 1
3522 2 0
3523 2 3
3524 1 3
3525 1 0
3526 1 2
3527 1 3
3528 2 1
3529 2 1
3530 3 0
3531 3 1
3532 0 2
3533 0 1
3534 0 1
3535 1 0
3536 2 3
3537 0 3
3538 3 0
3539 2 0
3540 0 2
3541 0 3
3542 3 2
3543 1 0
3544 0 2
3545 3 1
3546 1 2
3547 0 3
3548 0 2
3549 1 3
3550 1 2
3551 0 3
3552 0 3
3553 3 1
3554 3 1
3555 1 2
3556 1 0
3557 2 1
3558 1 2
3559 2 3
3560 1 0
3561 2 0
3562 0 3
3563 3 1
3564 1 2
3565 0 3
3566 3 1
3567 0 3
3568 3 2
3569 0 2
3570 3 1
3571 0 1
3572 3 0
3573 0 1
3574 0 2
3575 0 2
3576 2 3
3577 3 1
3578 0 1
3579 0 2
3580 0 3
3581 3 0
3582 0 1
3583 0 3
3584 2 1
3585 0 2
3586 3 2
3587 1 2
3588 2 3
3589 0 2
3590 1 2
3591 3 0
3592 2 1
3593 0 2
3594 0 2
3595 0 1
3596 3 0
3597 1 0
3598 0 3
3599 3 0
3600 3 1
3601 0 3
3602 1 2
3603 1 2
3604 2 1
3605 3 2
3606 0 2
3607 1 3
3608 3 1
3609 1 2
3610 0 2
3611 3 1
3612 3 2
3613 0 3
3614 2 0
3615 0 2
3616 3 1
3617 0 1
3618 2 1
3619 3 0
3620 3 1
3621 1 3
3622 2 1
3623 1 3
3624 0 2
3625 0 3
3626 3 0
3627 2 1
3628 3 2
3629 0 3
3630 2 0
3631 2 0
3632 3 0
3633 3 1
3634 3 0
3635 0 1
3636 1 0
3637 3 2
3638 0 3
3639 0 2
3640 2 1
3641 3 1
3642 1 2
3643 2 1
3644 1 3
3645 2 3
3646 0 1
3647 1 2
3648 3 2
3649 2 1
3650 2 3
3651 3 1
3652 2 0
3653 0 1
3654 2 1
3655 2 0
3656 1 2
3657 0 1
3658 1 3
3659 2 3
3660 3 1
3661 0 2
3662 0 2
3663 1 3
3664 1 2
3665 2 1
3666 2 1
3667 0 3
3668 1 2
3669 2 3
3670 3 1
3671 0 2
3672 1 3
3673 2 1
3674 2 3
3675 2 3
3676 2 1
3677 2 0
3678 0 2
3679 3 0
3680 1 3
3681 3 0
3682 3 2
3683 0 1
3684 2 0
3685 3 1
3686 1 2
3687 2 0
3688 3 1
3689 0 1
3690 1 2
3691 2 0
3692 1 0
3693 2 1
3694 2 0
3695 3 0
3696 3 2
3697 1 0
3698 1 3
3699 0 2
3700 1 2
3701 2 0
3702 2 1
3703 2 3
3704 3 2
3705 3 0
3706 2 3
3707 3 1
3708 3 1
3709 3 1
3710 1 2
3711 3 2
3712 1 3
3713 0 2
3714 0 1
3715 0 2
3716 0 1
3717 3 2
3718 2 3
3719 0 2
3720 2 3
3721 1 3
3722 1 2
3723 2 3
3724 1 2
3725 0 1
3726 2 0
3727 1 3
3728 3 2
3729 0 1
3730 1 0
3731 1 0
3732 3 0
3733 1 2
3734 0 2
3735 2 1
3736 3 1
3737 0 2
3738 2 0
3739 0 3
3740 1 3
3741 3 0
3742 0 2
3743 3 1
3744 3 2
3745 0 2
3746 2 0
3747 2 0
3748 3 1
3749 3 0
3750 2 0
3751 3 0
3752 3 2
3753 0 3
3754 3 0
3755 2 0
3756 1 0
3757 0 3
3758 2 3
3759 3 0
3760 1 3
3761 0 1
3762 0 3
3763 2 0
3764 0 2
3765 3 1
3766 2 3
3767 3 2
3768 3 1
3769 1 3
3770 1 2
3771 2 1
3772 2 3
3773 3 2
3774 0 2
3775 0 1
3776 0 2
3777 2 3
3778 0 3
3779 0 1
3780 1 2
3781 0 1
3782 3 0
3783 0 3
3784 0 2
3785 3 2
3786 0 2
3787 1 3
3788 2 0
3789 2 1
3790 2 0
3791 0 1
3792 3 0
3793 1 0
3794 2 0
3795 1 2
3796 0 2
3797 3 2
3798 2 3
3799 3 1
3800 0 1
3801 2 1
3802 0 2
3803 3 2
3804 2 1
3805 2 3
3806 3 1
3807 0 1
3808 2 3
3809 2 3
3810 1 2
3811 2 1
3812 3 2
3813 0 2
3814 1 2
3815 3 0
3816 2 3
3817 1 3
3818 1 3
3819 3 1
3820 0 2
3821 0 3
3822 0 2
3823 3 1
3824 3 2
3825 1 2
3826 3 1
3827 2 3
3828 2 0
3829 3 0
3830 0 3
3831 0 2
3832 2 1
3833 0 2
3834 1 0
3835 2 0
3836 1 3
3837 0 2
3838 3 2
3839 1 3
3840 1 0
3841 2 0
3842 3 1
3843 0 1
3844 3 2
3845 3 2
3846 1 2
3847 0 1
3848 1 0
3849 2 1
3850 1 0
3851 0 3
3852 1 0
3853 1 3
3854 2 1
3855 3 0
3856 2 1
3857 2 1
3858 1 2
3859 1 3
3860 2 3
3861 1 2
3862 2 0
3863 3 1
3864 1 0
3865 0 3
3866 1 0
3867 3 1
3868 1 0
3869 1 2
3870 0 1
3871 3 2
3872 3 1
3873 0 2
3874 3 1
3875 0 2
3876 0 2
3877 2 0
3878 3 0
3879 3 1
3880 2 0
3881 3 2
3882 0 1
3883 2 0
3884 1 0
3885 1 3
3886 1 3
3887 3 0
3888 2 3
3889 2 1
3890 1 2
3891 0 1
3892 0 1
3893 1 0
3894 1 2
3895 0 1
3896 0 3
3897 3 1
3898 0 2
3899 2 0
3900 1 2
3901 2 3
3902 0 1
3903 0 3
3904 2 3
3905 3 0
3906 3 2
3907 3 0
3908 3 0
3909 1 0
3910 1 3
3911 1 0
3912 1 3
3913 3 1
3914 1 2
3915 0 3
3916 0 3
3917 3 2
3918 2 3
3919 1 2
3920 3 2
3921 0 3
3922 3 1
3923 2 3
3924 1 0
3925 0 2
3926 0 3
3927 2 0
3928 0 2
3929 2 3
3930 1 2
3931 0 2
3932 3 0
3933 1 3
3934 3 1
3935 1 2
3936 1 2
3937 3 2
3938 2 0
3939 2 1
3940 1 0
3941 3 0
3942 0 2
3943 3 1
3944 0 2
3945 1 0
3946 3 1
3947 3 1
3948 0 1
3949 3 0
3950 0 3
3951 2 3
3952 0 1
3953 2 3
3954 1 3
3955 2 0
3956 2 0
3957 0 3
3958 1 2
3959 3 0
3960 1 3
3961 3 0
3962 2 1
3963 1 3
3964 1 0
3965 2 0
3966 0 1
3967 1 3
3968 2 0
3969 0 3
3970 2 0
3971 1 3
3972 3 0
3973 0 1
3974 2 0
3975 0 2
3976 3 1
3977 1 3
3978 1 2
3979 1 2
3980 3 1
3981 3 0
3982 0 1
3983 3 1
3984 3 2
3985 3 1
3986 3 1
3987 1 2
3988 2 3
3989 3 2
3990 3 1
3991 2 1
3992 2 0
3993 2 0
3994 3 1
3995 2 0
3996 3 0
3997 2 0
3998 2 0
3999 1 0
4000 3 0
4001 1 2
4002 2 3
4003 3 0
4004 0 1
4005 0 2
4006 1 3
4007 1 0
4008 0 3
4009 0 1
4010 1 0
4011 1 0
4012 3 2
4013 2 0
4014 3 0
4015 0 3
4016 3 2
4017 3 1
4018 2 0
4019 0 2
4020 2 3
4021 2 3
4022 1 0
4023 0 3
4024 1 2
4025 0 1
4026 3 2
4027 0 3
4028 0 2
4029 3 1
4030 1 2
4031 2 3
4032 3 2
4033 2 1
4034 0 3
4035 2 0
4036 1 3
4037 0 2
4038 0 2
4039 1 0
4040 1 3
4041 1 3
4042 1 2
4043 3 1
4044 0 3
4045 0 2
4046 0 2
4047 3 0
4048 0 3
4049 0 1
4050 2 1
4051 1 3
4052 1 0
4053 3 1
4054 1 3
4055 3 1
4056 1 3
4057 2 1
4058 0 3
4059 2 0
4060 2 0
4061 0 1
4062 1 3
4063 2 0
4064 0 1
4065 1 2
4066 1 3
4067 1 0
4068 0 1
4069 0 3
4070 2 3
4071 1 2
4072 0 3
4073 2 1
4074 1 2
4075 3 0
4076 2 1
4077 0 3
4078 3 0
4079 0 2
4080 3 1
4081 2 0
4082 2 3
4083 2 0
4084 3 0
4085 0 3
4086 2 0
4087 0 1
4088 1 2
4089 2 0
4090 3 2
4091 2 0
4092 2 1
4093 1 3
4094 2 3
4095 3 1
4096 3 1
4097 3 0
4098 1 0
4099 0 3
4100 0 3
4101 3 1
4102 1 3
4103 2 0
4104 2 1
4105 3 2
4106 1 0
4107 3 2
4108 0 3
4109 0 1
4110 3 1
4111 3 0
4112 0 2
4113 0 2
4114 2 1
4115 0 1
4116 2 3
4117 1 0
4118 2 3
4119 3 0
4120 2 3
4121 3 2
4122 0 1
4123 2 1
4124 1 3
4125 0 1
4126 2 3
4127 1 3
4128 1 3
4129 3 1
4130 2 0
4131 3 1
4132 0 2
4133 0 2
4134 0 1
4135 0 1
4136 3 2
4137 0 3
4138 3 0
4139 1 3
4140 3 0
4141 3 0
4142 2 0
4143 0 2
4144 3 1
4145 3 0
4146 3 1
4147 0 3
4148 1 2
4149 3 0
4150 1 2
4151 1 0
4152 1 0
4153 3 0
4154 1 2
4155 2 1
4156 2 3
4157 0 1
4158 0 2
4159 1 0
4160 3 0
4161 3 1
4162 3 0
4163 2 1
4164 0 3
4165 3 0
4166 1 0
4167 3 0
4168 3 1
4169 0 3
4170 0 1
4171 3 1
4172 2 3
4173 0 1
4174 1 0
4175 1 3
4176 3 2
4177 0 3
4178 2 1
4179 1 3
4180 0 1
4181 1 0
4182 3 1
4183 2 0
4184 3 2
4185 3 1
4186 0 2
4187 0 2
4188 0 2
4189 3 2
4190 1 2
4191 1 2
4192 3 2
4193 0 3
4194 2 0
4195 0 3
4196 0 2
4197 0 1
4198 1 2
4199 0 2
4200 3 0
4201 2 1
4202 2 0
4203 1 0
4204 3 1
4205 1 0
4206 2 3
4207 2 3
4208 1 0
4209 3 0
4210 1 3
4211 1 3
4212 1 3
4213 2 3
4214 1 0
4215 2 0
4216 2 0
4217 0 3
4218 0 3
4219 3 2
4220 2 1
4221 3 2
4222 2 3
4223 0 3
4224 0 3
4225 0 2
4226 0 2
4227 3 2
4228 3 0
4229 3 2
4230 3 1
4231 3 2
4232 3 2
4233 1 0
4234 3 1
4235 2 1
4236 1 2
4237 0 3
4238 3 1
4239 2 1
4240 3 0
4241 0 1
4242 1 3
4243 0 1
4244 2 1
4245 1 2
4246 2 0
4247 1 3
4248 2 1
4249 3 1
4250 2 0
4251 2 1
4252 3 1
4253 1 3
4254 2 1
4255 0 3
4256 1 0
4257 2 0
4258 0 2
4259 3 0
4260 0 3
4261 0 2
4262 3 1
4263 0 3
4264 1 2
4265 1 2
4266 1 0
4267 1 3
4268 0 2
4269 1 0
4270 0 1
4271 1 0
4272 1 0
4273 0 3
4274 0 1
4275 1 2
4276 1 0
4277 1 3
4278 0 2
4279 1 2
4280 1 2
4281 2 3
4282 1 0
4283 3 1
4284 3 2
4285 0 2
4286 2 3
4287 3 1
4288 2 3
4289 0 1
4290 0 2
4291 0 2
4292 2 1
4293 2 3
4294 1 0
4295 1 3
4296 3 1
4297 0 3
4298 0 1
4299 2 1
4300 0 3
4301 0 2
4302 0 1
4303 3 0
4304 0 2
4305 0 3
4306 0 1
4307 0 3
4308 1 0
4309 2 3
4310 3 0
4311 3 2
4312 0 3
4313 2 3
4314 1 3
4315 3 2
4316 3 2
4317 0 2
4318 3 1
4319 1 0
4320 3 2
4321 1 2
4322 0 1
4323 1 0
4324 3 0
4325 2 1
4326 0 2
4327 0 3
4328 2 0
4329 3 0
4330 0 2
4331 0 1
4332 2 1
4333 1 0
4334 3 2
4335 0 2
4336 2 1
4337 3 2
4338 0 3
4339 2 1
4340 3 0
4341 3 1
4342 3 2
4343 2 0
4344 1 0
4345 0 2
4346 0 3
4347 1 3
4348 1 0
4349 1 0
4350 2 3
4351 2 1
4352 3 1
4353 1 3
4354 2 3
4355 3 0
4356 0 2
4357 2 3
4358 0 1
4359 0 3
4360 0 3
4361 2 1
4362 2 1
4363 0 3
4364 1 0
4365 0 3
4366 3 2
4367 1 0
4368 0 2
4369 0 3
4370 3 0
4371 1 0
4372 0 2
4373 1 2
4374 2 1
4375 3 0
4376 3 2
4377 3 1
4378 1 0
4379 3 1
4380 2 0
4381 0 3
4382 0 1
4383 2 0
4384 2 0
4385 0 2
4386 0 1
4387 3 0
4388 1 3
4389 2 0
4390 1 0
4391 1 2
4392 2 3
4393 2 1
4394 1 2
4395 2 3
4396 1 2
4397 1 2
4398 2 1
4399 0 1
4400 1 3
4401 2 1
4402 0 3
4403 2 3
4404 3 2
4405 1 3
4406 1 0
4407 2 0
4408 3 2
4409 0 2
4410 3 0
4411 3 0
4412 0 1
4413 3 1
4414 3 2
4415 1 3
4416 3 0
4417 0 3
4418 3 0
4419 3 1
4420 2 1
4421 3 0
4422 3 0
4423 0 2
4424 0 2
4425 3 2
4426 1 3
4427 0 3
4428 2 1
4429 2 0
4430 3 1
4431 2 1
4432 1 0
4433 1 3
4434 0 1
4435 0 2
4436 3 2
4437 0 3
4438 3 2
4439 1 3
4440 2 0
4441 1 0
4442 0 1
4443 2 1
4444 3 0
4445 2 3
4446 3 0
4447 0 1
4448 3 2
4449 2 1
4450 2 0
4451 3 2
4452 2 3
4453 3 2
4454 1 0
4455 2 0
4456 0 3
4457 3 2
4458 2 0
4459 0 2
4460 3 2
4461 3 2
4462 0 2
4463 1 3
4464 3 1
4465 1 0
4466 0 3
4467 2 3
4468 1 0
4469 0 1
4470 2 1
4471 3 2
4472 3 2
4473 2 1
4474 3 0
4475 3 1
4476 2 0
4477 0 3
4478 2 3
4479 2 1
4480 2 1
4481 3 2
4482 0 2
4483 0 2
4484 0 3
4485 2 3
4486 1 2
4487 3 1
4488 0 2
4489 3 2
4490 3 1
4491 1 3
4492 2 3
4493 2 3
4494 3 0
4495 0 3
4496 3 2
4497 0 1
4498 1 2
4499 1 2
4500 3 2
4501 2 1
4502 0 1
4503 2 1
4504 0 1
4505 0 3
4506 2 3
4507 0 3
4508 3 0
4509 2 3
4510 1 3
4511 0 1
4512 0 2
4513 1 2
4514 0 2
4515 1 0
4516 1 3
4517 3 2
4518 1 3
4519 1 2
4520 1 2
4521 1 2
4522 0 2
4523 2 0
4524 2 0
4525 2 3
4526 1 2
4527 2 3
4528 2 0
4529 3 0
4530 3 0
4531 3 1
4532 1 0
4533 2 3
4534 3 0
4535 2 0
4536 2 1
4537 2 1
4538 1 2
4539 0 3
4540 0 3
4541 1 3
4542 0 3
4543 1 0
4544 0 1
4545 2 0
4546 0 3
4547 0 1
4548 0 2
4549 3 2
4550 1 0
4551 1 2
4552 1 2
4553 2 0
4554 0 1
4555 3 1
4556 1 3
4557 3 2
4558 0 3
4559 2 0
4560 3 1
4561 2 3
4562 3 0
4563 1 2
4564 2 1
4565 0 3
4566 1 2
4567 2 1
4568 3 2
4569 0 2
4570 1 2
4571 0 2
4572 3 0
4573 3 1
4574 2 3
4575 0 3
4576 0 2
4577 2 1
4578 0 2
4579 1 3
4580 0 1
4581 0 1
4582 1 2
4583 3 0
4584 2 3
4585 0 2
4586 2 0
4587 2 1
4588 3 2
4589 3 0
4590 2 3
4591 1 0
4592 2 0
4593 3 0
4594 2 0
4595 3 2
4596 1 2
4597 2 1
4598 2 3
4599 1 3
4600 0 3
4601 0 3
4602 3 2
4603 3 0
4604 2 1
4605 0 1
4606 2 1
4607 2 1
4608 1 2
4609 0 3
4610 0 2
4611 0 1
4612 0 1
4613 3 1
4614 3 0
4615 3 1
4616 1 2
4617 3 1
4618 1 3
4619 1 2
4620 1 3
4621 0 1
4622 1 0
4623 2 1
4624 2 1
4625 0 1
4626 3 1
4627 3 1
4628 2 0
4629 3 0
4630 3 1
4631 2 1
4632 2 0
4633 2 3
4634 2 3
4635 2 1
4636 1 2
4637 3 2
4638 1 2
4639 1 3
4640 0 1
4641 1 2
4642 0 2
4643 2 1
4644 2 1
4645 0 1
4646 3 1
4647 1 0
4648 2 1
4649 3 2
4650 3 2
4651 1 2
4652 2 3
4653 3 0
4654 2 1
4655 3 1
4656 0 1
4657 1 2
4658 1 3
4659 3 2
4660 1 3
4661 2 3
4662 1 3
4663 1 0
4664 0 3
4665 1 0
4666 2 0
4667 3 0
4668 3 0
4669 2 0
4670 2 0
4671 0 1
4672 1 3
4673 1 0
4674 1 3
4675 1 3
4676 0 1
4677 2 1
4678 3 1
4679 3 0
4680 1 0
4681 2 1
4682 3 1
4683 1 3
4684 1 0
4685 0 3
4686 1 3
4687 2 3
4688 3 2
4689 3 1
4690 1 0
4691 1 3
4692 2 3
4693 0 2
4694 3 2
4695 0 3
4696 0 2
4697 0 2
4698 1 2
4699 3 0
4700 1 2
4701 2 0
4702 1 3
4703 3 0
4704 3 0
4705 3 0
4706 2 0
4707 3 2
4708 1 0
4709 1 0
4710 0 1
4711 2 1
4712 0 1
4713 2 3
4714 2 1
4715 2 3
4716 1 2
4717 2 0
4718 0 1
4719 2 3
4720 1 2
4721 0 1
4722 2 3
4723 3 0
4724 1 0
4725 1 3
4726 1 0
4727 1 0
4728 2 0
4729 2 3
4730 1 0
4731 3 0
4732 2 3
4733 2 0
4734 0 1
4735 2 1
4736 1 2
4737 2 0
4738 0 3
4739 1 3
4740 0 2
4741 3 2
4742 2 1
4743 1 0
4744 3 1
4745 2 0
4746 1 3
4747 1 3
4748 0 2
4749 3 2
4750 1 3
4751 0 3
4752 2 1
4753 0 3
4754 2 3
4755 1 2
4756 1 2
4757 3 0
4758 3 0
4759 2 0
4760 3 1
4761 1 0
4762 0 1
4763 3 1
4764 0 2
4765 1 3
4766 2 0
4767 2 0
4768 3 1
4769 1 3
4770 1 0
4771 2 0
4772 2 0
4773 0 1
4774 2 1
4775 0 1
4776 3 0
4777 3 1
4778 3 0
4779 2 3
4780 3 0
4781 2 1
4782 2 3
4783 3 1
4784 0 2
4785 3 0
4786 2 1
4787 1 3
4788 2 1
4789 1 0
4790 0 3
4791 2 3
4792 2 0
4793 3 0
4794 3 2
4795 0 2
4796 1 0
4797 2 1
4798 2 1
4799 0 2
4800 1 3
4801 0 2
4802 2 1
4803 0 1
4804 2 3
4805 0 1
4806 0 1
4807 3 2
4808 1 2
4809 3 0
4810 1 2
4811 3 1
4812 1 3
4813 3 1
4814 2 0
4815 0 1
4816 1 0
4817 0 3
4818 1 3
4819 0 3
4820 1 2
4821 3 2
4822 3 0
4823 3 2
4824 2 3
4825 0 1
4826 1 0
4827 1 0
4828 2 0
4829 1 0
4830 1 2
4831 0 2
4832 3 2
4833 2 1
4834 1 2
4835 2 0
4836 2 3
4837 2 3
4838 2 1
4839 3 0
4840 2 3
4841 0 1
4842 3 1
4843 2 3
4844 2 1
4845 3 2
4846 0 1
4847 1 0
4848 2 3
4849 0 2
4850 2 1
4851 3 0
4852 3 0
4853 2 3
4854 2 0
4855 3 2
4856 0 2
4857 1 3
4858 3 1
4859 2 1
4860 2 3
4861 1 3
4862 0 2
4863 2 3
4864 1 3
4865 1 3
4866 2 3
4867 3 1
4868 1 2
4869 2 3
4870 1 3
4871 0 3
4872 3 1
4873 2 0
4874 0 3
4875 2 1
4876 2 0
4877 2 0
4878 2 3
4879 3 2
4880 1 0
4881 1 0
4882 2 3
4883 1 2
4884 2 0
4885 1 0
4886 3 0
4887 1 3
4888 0 2
4889 0 3
4890 0 2
4891 0 3
4892 3 2
4893 0 2
4894 3 0
4895 1 3
4896 2 0
4897 1 0
4898 0 2
4899 2 0
4900 0 2
4901 0 3
4902 0 3
4903 0 2
4904 0 1
4905 1 0
4906 2 1
4907 3 0
4908 3 0
4909 1 3
4910 1 0
4911 0 1
4912 2 1
4913 0 3
4914 3 2
4915 3 1
4916 3 0
4917 2 0
4918 0 3
4919 1 2
4920 1 3
4921 0 3
4922 3 1
4923 1 3
4924 2 3
4925 0 2
4926 1 0
4927 0 3
4928 0 1
4929 2 0
4930 2 1
4931 1 3
4932 0 3
4933 2 0
4934 1 0
4935 1 3
4936 1 0
4937 1 0
4938 2 3
4939 3 1
4940 1 0
4941 0 1
4942 2 0
4943 1 3
4944 3 2
4945 1 2
4946 0 2
4947 2 1
4948 3 0
4949 2 3
4950 0 1
4951 0 1
4952 2 3
4953 3 2
4954 0 3
4955 1 0
4956 3 0
4957 1 0
4958 0 3
4959 1 2
4960 2 3
4961 3 0
4962 1 2
4963 0 3
4964 0 1
4965 0 1
4966 1 0
4967 3 0
4968 0 3
4969 3 0
4970 2 3
4971 1 3
4972 1 2
4973 2 3
4974 3 2
4975 1 0
4976 3 1
4977 3 1
4978 1 0
4979 2 3
4980 1 3
4981 3 0
4982 3 0
4983 3 1
4984 0 2
4985 1 0
4986 0 3
4987 2 3
4988 2 0
4989 2 1
4990 2 3
4991 2 3
4992 3 1
4993 2 0
4994 1 2
4995 3 1
4996 2 0
4997 0 1
4998 0 2
4999 1 0
5000 2 3
5001 2 1
5002 1 2
5003 0 2
5004 3 2
5005 1 3
5006 3 0
5007 2 1
5008 1 2
5009 1 2
5010 1 3
5011 2 0
5012 1 2
5013 3 0
5014 0 3
5015 1 3
5016 1 0
5017 0 3
5018 0 3
5019 2 1
5020 0 1
5021 1 0
5022 3 1
5023 3 2
5024 3 1
5025 2 1
5026 3 2
5027 3 1
5028 2 1
5029 1 2
5030 1 0
5031 2 1
5032 1 2
5033 3 1
5034 2 3
5035 3 2
5036 2 1
5037 1 2
5038 1 2
5039 0 1
5040 0 1
5041 3 2
5042 2 3
5043 3 1
5044 3 0
5045 2 1
5046 1 0
5047 2 1
5048 3 1
5049 0 3
5050 3 1
5051 0 1
5052 2 3
5053 3 2
5054 0 3
5055 3 2
5056 0 1
5057 3 1
5058 3 1
5059 0 3
5060 1 3
5061 2 1
5062 3 2
5063 2 0
5064 0 2
5065 1 3
5066 3 1
5067 3 2
5068 1 3
5069 3 1
5070 2 1
5071 2 1
5072 3 2
5073 1 2
5074 0 3
5075 3 2
5076 2 1
5077 0 2
5078 1 0
5079 2 3
5080 1 3
5081 2 0
5082 1 2
5083 2 3
5084 0 3
5085 2 3
5086 2 3
5087 3 0
5088 2 0
5089 2 3
5090 1 2
5091 0 3
5092 0 3
5093 3 1
5094 1 2
5095 3 2
5096 3 1
5097 1 3
5098 1 2
5099 1 0
5100 3 0
5101 1 3
5102 3 2
5103 0 3
5104 0 1
5105 2 3
5106 3 1
5107 0 1
5108 0 1
5109 2 1
5110 3 2
5111 3 0
5112 3 1
5113 3 1
5114 2 3
5115 2 0
5116 1 3
5117 0 1
5118 0 1
5119 2 0
5120 1 3
5121 0 2
5122 0 1
5123 1 2
5124 3 0
5125 3 1
5126 0 1
5127 1 0
5128 0 3
5129 1 3
5130 3 0
5131 1 2
5132 0 2
5133 0 1
5134 3 0
5135 1 0
5136 2 0
5137 0 2
5138 3 0
5139 1 3
5140 1 2
5141 2 0
5142 2 0
5143 0 2
5144 2 3
5145 1 2
5146 3 2
5147 0 2
5148 0 1
5149 0 2
5150 2 3
5151 0 1
5152 2 1
5153 2 3
5154 2 0
5155 3 0
5156 1 3
5157 1 2
5158 0 3
5159 0 3
5160 2 3
5161 2 1
5162 2 3
5163 0 1
5164 3 0
5165 3 1
5166 3 1
5167 0 3
5168 2 0
5169 0 3
5170 1 0
5171 2 3
5172 3 2
5173 1 3
5174 3 1
5175 1 3
5176 2 3
5177 3 2
5178 3 0
5179 2 3
5180 0 1
5181 1 0
5182 2 0
5183 1 2
5184 2 3
5185 3 1
5186 3 0
5187 2 3
5188 0 2
5189 0 1
5190 0 3
5191 1 3
5192 3 1
5193 0 3
5194 1 0
5195 2 0
5196 3 0
5197 0 2
5198 0 2
5199 2 1
5200 0 1
5201 2 1
5202 0 1
5203 3 0
5204 2 1
5205 0 2
5206 1 3
5207 3 0
5208 1 2
5209 2 0
5210 1 0
5211 1 0
5212 0 2
5213 1 0
5214 0 1
5215 0 1
5216 2 3
5217 3 0
5218 0 1
5219 2 3
5220 1 3
5221 0 3
5222 3 1
5223 2 1
5224 1 3
5225 3 0
5226 3 1
5227 3 1
5228 0 3
5229 0 2
5230 3 2
5231 0 1
5232 2 0
5233 1 3
5234 0 1
5235 2 3
5236 2 1
5237 1 2
5238 1 0
5239 3 2
5240 1 3
5241 1 2
5242 2 1
5243 2 3
5244 3 1
5245 2 0
5246 1 3
5247 0 1
5248 0 2
5249 2 0
5250 0 3
5251 1 2
5252 3 0
5253 1 3
5254 2 3
5255 0 3
5256 1 0
5257 0 1
5258 1 2
5259 1 0
5260 0 1
5261 0 2
5262 0 2
5263 1 2
5264 1 3
5265 0 3
5266 2 1
5267 1 2
5268 0 3
5269 0 3
5270 2 1
5271 1 2
5272 1 3
5273 1 3
5274 2 3
5275 0 2
5276 0 2
5277 2 1
5278 3 0
5279 0 2
5280 2 0
5281 3 0
5282 3 0
5283 1 2
5284 0 2
5285 1 2
5286 0 2
5287 0 1
5288 0 2
5289 2 3
5290 0 1
5291 0 1
5292 1 2
5293 2 1
5294 2 3
5295 1 3
5296 3 0
5297 1 0
5298 3 2
5299 1 3
5300 0 1
5301 1 3
5302 0 1
5303 1 2
5304 2 0
5305 0 3
5306 2 1
5307 1 3
5308 0 1
5309 1 2
5310 3 0
5311 0 3
5312 3 0
5313 0 2
5314 1 2
5315 0 1
5316 0 2
5317 2 3
5318 0 2
5319 2 3
5320 2 1
5321 0 2
5322 3 0
5323 0 1
5324 2 0
5325 1 0
5326 1 0
5327 3 0
5328 2 1
5329 1 3
5330 2 0
5331 1 0
5332 3 1
5333 1 2
5334 2 0
5335 3 1
5336 0 1
5337 2 0
5338 3 1
5339 2 0
5340 2 1
5341 3 0
5342 1 3
5343 3 2
5344 0 1
5345 0 2
5346 2 3
5347 1 3
5348 2 1
5349 1 0
5350 3 2
5351 1 3
5352 2 1
5353 3 2
5354 2 1
5355 3 1
5356 1 3
5357 1 3
5358 1 2
5359 2 0
5360 0 1
5361 1 0
5362 0 1
5363 3 2
5364 0 2
5365 3 2
5366 0 3
5367 1 3
5368 1 0
5369 2 3
5370 1 3
5371 1 2
5372 0 2
5373 2 1
5374 2 3
5375 0 1
5376 3 1
5377 3 1
5378 3 1
5379 3 2
5380 2 0
5381 2 1
5382 0 2
5383 2 3
5384 2 3
5385 0 2
5386 3 1
5387 3 0
5388 3 0
5389 3 0
5390 1 0
5391 1 0
5392 1 3
5393 0 2
5394 3 2
5395 1 3
5396 1 0
5397 3 2
5398 1 3
5399 0 2
5400 0 1
5401 2 0
5402 3 1
5403 0 2
5404 1 3
5405 3 2
5406 1 0
5407 1 0
5408 3 2
5409 3 1
5410 1 2
5411 2 1
5412 0 1
5413 0 1
5414 0 3
5415 1 2
5416 2 0
5417 1 0
5418 1 3
5419 2 1
5420 1 0
5421 2 1
5422 3 2
5423 3 1
5424 2 1
5425 0 2
5426 0 2
5427 3 1
5428 1 0
5429 3 1
5430 2 1
5431 3 1
5432 1 2
5433 1 2
5434 0 3
5435 0 1
5436 3 1
5437 3 2
5438 1 2
5439 0 3
5440 2 3
5441 1 3
5442 3 0
5443 0 2
5444 2 0
5445 1 0
5446 2 3
5447 2 1
5448 1 2
5449 0 1
5450 2 3
5451 2 0
5452 2 3
5453 0 1
5454 2 3
5455 3 1
5456 3 0
5457 2 0
5458 3 2
5459 2 3
5460 3 2
5461 2 1
5462 0 1
5463 1 2
5464 1 0
5465 0 2
5466 1 0
5467 1 2
5468 0 2
5469 0 2
5470 3 2
5471 0 1
5472 0 3
5473 1 3
5474 0 1
5475 1 3
5476 1 3
5477 0 3
5478 3 2
5479 1 2
5480 2 1
5481 3 1
5482 0 1
5483 2 3
5484 0 2
5485 0 1
5486 0 1
5487 2 3
5488 3 1
5489 0 3
5490 0 3
5491 3 1
5492 1 3
5493 0 2
5494 3 2
5495 0 3
5496 1 3
5497 3 1
5498 1 3
5499 3 1
5500 0 3
5501 3 1
5502 0 1
5503 1 0
5504 2 3
5505 2 1
5506 2 3
5507 1 3
5508 2 1
5509 1 3
5510 1 0
5511 1 3
5512 2 1
5513 1 2
5514 0 2
5515 0 2
5516 0 2
5517 3 2
5518 1 0
5519 2 0
5520 0 1
5521 0 3
5522 2 0
5523 1 2
5524 3 1
5525 2 3
5526 3 2
5527 2 3
5528 3 0
5529 2 0
5530 3 2
5531 1 2
5532 0 2
5533 1 0
5534 0 2
5535 0 2
5536 1 0
5537 0 3
5538 0 3
5539 0 3
5540 2 1
5541 3 1
5542 1 0
5543 2 0
5544 1 2
5545 0 3
5546 2 3
5547 1 3
5548 0 3
5549 3 0
5550 3 1
5551 0 2
5552 1 2
5553 2 3
5554 0 2
5555 2 0
5556 0 1
5557 1 2
5558 3 2
5559 1 3
5560 1 3
5561 1 3
5562 2 1
5563 2 0
5564 0 3
5565 2 0
5566 0 1
5567 1 3
5568 2 0
5569 3 0
5570 3 2
5571 1 3
5572 2 0
5573 1 2
5574 3 1
5575 0 2
5576 0 2
5577 2 3
5578 2 1
5579 3 1
5580 2 1
5581 3 0
5582 1 2
5583 0 3
5584 2 1
5585 2 0
5586 3 2
5587 2 3
5588 3 0
5589 1 2
5590 0 2
5591 2 1
5592 0 3
5593 3 2
5594 3 0
5595 3 1
5596 1 3
5597 0 1
5598 0 3
5599 1 2
5600 3 0
5601 3 1
5602 3 1
5603 3 0
5604 2 1
5605 1 2
5606 2 0
5607 1 0
5608 2 1
5609 2 0
5610 0 1
5611 3 2
5612 1 3
5613 1 3
5614 0 2
5615 1 3
5616 3 2
5617 3 0
5618 0 2
5619 0 2
5620 3 1
5621 2 1
5622 2 3
5623 2 0
5624 2 3
5625 1 0
5626 3 1
5627 1 3
5628 1 2
5629 1 3
5630 0 3
5631 0 3
5632 2 1
5633 3 1
5634 0 2
5635 2 3
5636 2 1
5637 2 3
5638 2 3
5639 1 0
5640 1 2
5641 2 3
5642 0 3
5643 0 1
5644 0 1
5645 0 1
5646 1 2
5647 2 0
5648 0 1
5649 2 3
5650 2 3
5651 0 1
5652 0 2
5653 0 3
5654 3 2
5655 0 1
5656 1 3
5657 1 0
5658 0 1
5659 0 1
5660 3 1
5661 3 1
5662 2 0
5663 3 1
5664 0 3
5665 1 2
5666 0 3
5667 3 0
5668 0 2
5669 0 1
5670 3 1
5671 2 1
5672 1 0
5673 3 1
5674 2 1
5675 2 0
5676 0 3
5677 2 0
5678 2 1
5679 3 0
5680 1 2
5681 3 1
5682 2 3
5683 0 3
5684 2 0
5685 2 0
5686 1 0
5687 1 0
5688 0 3
5689 1 2
5690 3 2
5691 3 2
5692 3 2
5693 2 1
5694 3 0
5695 2 1
5696 3 2
5697 0 3
5698 0 1
5699 3 1
5700 0 2
5701 3 1
5702 0 1
5703 1 0
5704 0 2
5705 0 3
5706 2 3
5707 1 3
5708 1 0
5709 0 3
5710 2 1
5711 1 3
5712 1 0
5713 0 2
5714 2 3
5715 1 3
5716 1 2
5717 1 3
5718 0 3
5719 3 2
5720 1 3
5721 1 3
5722 2 1
5723 3 0
5724 2 1
5725 1 0
5726 0 1
5727 0 2
5728 3 2
5729 1 2
5730 2 0
5731 3 2
5732 0 1
5733 0 1
5734 3 1
5735 0 3
5736 3 2
5737 0 3
5738 2 3
5739 0 3
5740 0 3
5741 2 0
5742 3 2
5743 3 1
5744 3 1
5745 1 0
5746 0 2
5747 0 2
5748 3 0
5749 0 3
5750 1 2
5751 2 1
5752 1 0
5753 1 3
5754 0 1
5755 1 2
5756 0 3
5757 0 2
5758 0 2
5759 2 1
5760 1 2
5761 0 2
5762 1 0
5763 3 2
5764 2 1
5765 0 3
5766 3 0
5767 2 1
5768 0 3
5769 2 0
5770 3 0
5771 1 3
5772 0 1
5773 1 2
5774 0 3
5775 0 1
5776 0 1
5777 1 2
5778 3 2
5779 2 3
5780 2 1
5781 2 0
5782 1 3
5783 2 3
5784 1 3
5785 2 0
5786 0 3
5787 3 2
5788 2 0
5789 3 2
5790 1 0
5791 3 2
5792 0 1
5793 3 2
5794 0 2
5795 1 2
5796 0 1
5797 3 1
5798 3 2
5799 1 2
5800 3 2
5801 3 1
5802 3 2
5803 2 3
5804 2 1
5805 0 2
5806 2 1
5807 0 2
5808 3 0
5809 1 3
5810 0 3
5811 0 2
5812 3 0
5813 0 3
5814 2 1
5815 3 2
5816 0 2
5817 3 1
5818 1 3
5819 2 1
5820 2 3
5821 3 0
5822 3 1
5823 3 2
5824 3 1
5825 0 1
5826 2 3
5827 3 1
5828 1 0
5829 2 1
5830 3 1
5831 3 0
5832 2 1
5833 0 1
5834 0 3
5835 3 1
5836 1 3
5837 0 2
5838 3 1
5839 2 0
5840 3 0
5841 0 2
5842 0 3
5843 0 2
5844 0 3
5845 2 1
5846 3 1
5847 1 2
5848 2 0
5849 2 3
5850 3 0
5851 2 0
5852 0 2
5853 2 0
5854 2 1
5855 1 3
5856 3 2
5857 2 3
5858 0 2
5859 1 0
5860 0 1
5861 3 2
5862 3 2
5863 1 0
5864 2 0
5865 1 2
5866 0 1
5867 0 1
5868 2 1
5869 1 0
5870 1 0
5871 0 2
5872 1 0
5873 1 3
5874 3 1
5875 3 0
5876 2 3
5877 2 1
5878 2 1
5879 0 2
5880 2 0
5881 0 3
5882 0 2
5883 3 0
5884 3 0
5885 3 0
5886 0 2
5887 0 2
5888 1 2
5889 0 1
5890 3 2
5891 0 1
5892 3 1
5893 1 3
5894 1 2
5895 2 1
5896 2 0
5897 0 3
5898 2 3
5899 3 2
5900 0 3
5901 1 0
5902 2 0
5903 0 3
5904 0 3
5905 0 3
5906 0 3
5907 2 3
5908 0 3
5909 1 0
5910 1 0
5911 3 2
5912 1 3
5913 1 0
5914 3 1
5915 3 0
5916 3 2
5917 1 0
5918 1 3
5919 0 1
5920 1 2
5921 3 1
5922 0 2
5923 3 1
5924 1 0
5925 2 3
5926 1 0
5927 3 0
5928 1 0
5929 2 3
5930 3 0
5931 1 3
5932 3 2
5933 2 1
5934 0 2
5935 2 0
5936 1 2
5937 1 3
5938 1 0
5939 1 3
5940 2 3
5941 3 2
5942 1 2
5943 3 0
5944 0 1
5945 3 2
5946 0 2
5947 2 1
5948 2 3
5949 2 3
5950 1 0
5951 3 2
5952 3 0
5953 2 0
5954 0 2
5955 3 0
5956 0 2
5957 3 1
5958 3 1
5959 1 2
5960 0 1
5961 2 1
5962 3 2
5963 2 3
5964 0 1
5965 2 1
5966 2 1
5967 1 2
5968 2 1
5969 3 1
5970 3 2
5971 2 3
5972 3 1
5973 1 3
5974 2 3
5975 0 3
5976 2 1
5977 0 2
5978 0 2
5979 3 2
5980 0 2
5981 0 3
5982 1 3
5983 1 0
5984 1 2
5985 0 2
5986 1 3
5987 1 2
5988 2 1
5989 1 3
5990 3 1
5991 0 2
5992 3 1
5993 1 0
5994 2 1
5995 1 3
5996 1 0
5997 3 1
5998 2 0
5999 0 1
6000 1 3
6001 1 2
6002 3 2
6003 1 2
6004 3 1
6005 2 3
6006 0 2
6007 1 3
6008 2 0
6009 0 3
6010 1 3
6011 3 0
6012 3 0
6013 2 3
6014 1 3
6015 2 1
6016 0 2
6017 0 1
6018 0 3
6019 0 3
6020 1 2
6021 2 0
6022 0 3
6023 2 1
6024 2 3
6025 3 0
6026 2 1
6027 1 2
6028 2 3
6029 2 0
6030 2 0
6031 1 3
6032 0 3
6033 1 2
6034 3 2
6035 1 0
6036 1 3
6037 0 2
6038 1 0
6039 2 3
6040 3 2
6041 0 1
6042 2 0
6043 0 3
6044 3 0
6045 2 0
6046 2 3
6047 0 1
6048 1 0
6049 1 0
6050 2 1
6051 1 3
6052 1 2
6053 3 1
6054 2 0
6055 1 3
6056 3 2
6057 1 3
6058 0 1
6059 1 0
6060 0 1
6061 0 1
6062 0 1
6063 0 1
6064 1 2
6065 0 1
6066 1 0
6067 0 1
6068 2 1
6069 0 2
6070 2 0
6071 2 3
6072 1 2
6073 1 3
6074 3 0
6075 0 3
6076 3 2
6077 1 2
6078 1 0
6079 2 0
6080 1 0
6081 0 1
6082 0 2
6083 0 3
6084 1 2
6085 3 1
6086 1 0
6087 1 2
6088 1 2
6089 3 2
6090 2 1
6091 3 0
6092 2 0
6093 2 0
6094 1 2
6095 3 0
6096 3 0
6097 3 0
6098 0 3
6099 0 2
6100 3 1
6101 2 0
6102 1 2
6103 0 2
6104 2 0
6105 1 2
6106 1 0
6107 3 1
6108 1 3
6109 0 2
6110 2 3
6111 1 2
6112 2 1
6113 1 3
6114 2 0
6115 1 2
6116 3 1
6117 3 0
6118 3 0
6119 1 2
6120 0 3
6121 2 3
6122 2 3
6123 3 1
6124 0 1
6125 3 0
6126 0 1
6127 2 3
6128 3 0
6129 0 3
6130 2 1
6131 2 1
6132 2 1
6133 2 1
6134 2 1
6135 1 0
6136 2 1
6137 0 1
6138 2 1
6139 3 2
6140 0 2
6141 3 1
6142 0 2
6143 3 0
6144 3 0
6145 3 1
6146 0 1
6147 0 3
6148 0 1
6149 3 2
6150 3 2
6151 2 1
6152 2 3
6153 2 1
6154 3 0
6155 3 2
6156 0 1
6157 3 1
6158 1 3
6159 1 3
6160 2 3
6161 2 0
6162 3 0
6163 1 2
6164 3 1
6165 1 2
6166 3 0
6167 1 0
6168 1 0
6169 0 1
6170 3 0
6171 0 3
6172 1 2
6173 2 3
6174 0 1
6175 3 0
6176 3 1
6177 0 1
6178 0 2
6179 0 3
6180 1 0
6181 3 1
6182 3 1
6183 0 2
6184 3 0
6185 2 3
6186 3 0
6187 2 3
6188 1 0
6189 1 0
6190 1 0
6191 3 1
6192 3 1
6193 0 3
6194 3 0
6195 0 3
6196 1 3
6197 0 2
6198 1 3
6199 3 0
6200 2 1
6201 1 2
6202 3 1
6203 0 1
6204 3 0
6205 3 1
6206 1 0
6207 1 0
6208 2 1
6209 0 1
6210 1 0
6211 0 1
6212 3 0
6213 1 2
6214 0 3
6215 2 1
6216 1 2
6217 0 3
6218 0 1
6219 0 2
6220 1 0
6221 3 1
6222 3 0
6223 0 3
6224 0 2
6225 1 0
6226 3 0
6227 0 1
6228 3 2
6229 1 0
6230 1 0
6231 2 3
6232 1 0
6233 3 2
6234 2 0
6235 1 2
6236 1 3
6237 0 1
6238 0 1
6239 2 0
6240 1 3
6241 0 2
6242 3 2
6243 3 1
6244 3 1
6245 3 2
6246 0 1
6247 0 2
6248 3 0
6249 2 3
6250 3 2
6251 3 0
6252 3 2
6253 3 2
6254 0 1
6255 0 1
6256 2 1
6257 2 0
6258 2 3
6259 2 1
6260 3 1
6261 2 3
6262 1 0
6263 0 2
6264 2 1
6265 3 2
6266 1 2
6267 3 2
6268 2 3
6269 1 3
6270 3 0
6271 3 2
6272 0 3
6273 3 0
6274 1 0
6275 2 1
6276 0 2
6277 1 3
6278 0 1
6279 0 2
6280 0 1
6281 3 2
6282 0 2
6283 3 0
6284 1 2
6285 1 3
6286 3 0
6287 2 3
6288 0 1
6289 0 3
6290 2 1
6291 3 0
6292 2 0
6293 1 2
6294 3 1
6295 1 2
6296 2 0
6297 3 2
6298 0 2
6299 2 3
6300 1 2
6301 0 3
6302 0 1
6303 1 2
6304 3 2
6305 2 3
6306 2 3
6307 2 3
6308 3 1
6309 3 2
6310 3 1
6311 3 1
6312 3 0
6313 2 3
6314 3 0
6315 2 1
6316 1 3
6317 3 0
6318 1 2
6319 3 1
6320 1 2
6321 0 2
6322 3 1
6323 3 1
6324 2 1
6325 1 2
6326 2 3
6327 3 2
6328 1 3
6329 0 3
6330 1 3
6331 3 1
6332 3 1
6333 0 3
6334 0 2
6335 1 2
6336 0 1
6337 1 3
6338 1 2
6339 3 1
6340 2 1
6341 2 0
6342 3 2
6343 2 3
6344 1 0
6345 2 0
6346 0 2
6347 3 0
6348 1 3
6349 3 0
6350 0 3
6351 1 0
6352 2 0
6353 2 1
6354 2 0
6355 1 3
6356 3 2
6357 3 0
6358 3 0
6359 0 1
6360 1 0
6361 0 3
6362 3 0
6363 2 3
6364 2 3
6365 3 2
6366 3 2
6367 0 2
6368 3 1
6369 2 1
6370 3 0
6371 2 0
6372 0 2
6373 0 2
6374 3 1
6375 3 0
6376 3 0
6377 3 2
6378 1 2
6379 1 3
6380 1 2
6381 1 3
6382 3 2
6383 0 3
6384 1 3
6385 2 1
6386 2 0
6387 3 0
6388 3 2
6389 3 0
6390 1 0
6391 0 1
6392 1 2
6393 0 3
6394 2 1
6395 0 2
6396 2 3
6397 0 1
6398 0 2
6399 3 2
6400 2 0
6401 1 0
6402 3 2
6403 0 2
6404 2 1
6405 1 3
6406 1 0
6407 2 3
6408 2 3
6409 2 0
6410 0 2
6411 1 0
6412 1 3
6413 3 1
6414 2 0
6415 2 1
6416 1 2
6417 2 3
6418 2 1
6419 1 2
6420 0 1
6421 0 3
6422 1 2
6423 1 0
6424 3 1
6425 2 3
6426 0 1
6427 2 0
6428 0 1
6429 2 1
6430 1 0
6431 2 1
6432 1 2
6433 1 3
6434 2 1
6435 3 0
6436 0 2
6437 2 0
6438 0 1
6439 3 2
6440 2 0
6441 2 0
6442 2 3
6443 2 0
6444 3 0
6445 3 0
6446 2 0
6447 0 1
6448 2 0
6449 0 2
6450 3 2
6451 2 0
6452 1 2
6453 2 0
6454 2 3
6455 2 3
6456 3 1
6457 2 3
6458 2 3
6459 0 3
6460 1 0
6461 0 1
6462 0 1
6463 1 2
6464 3 2
6465 3 1
6466 3 2
6467 3 0
6468 1 3
6469 2 3
6470 3 2
6471 3 2
6472 0 1
6473 0 2
6474 2 0
6475 1 0
6476 2 0
6477 2 3
6478 0 3
6479 0 3
6480 1 2
6481 2 3
6482 1 0
6483 0 1
6484 2 0
6485 2 0
6486 3 2
6487 3 1
6488 0 2
6489 0 3
6490 1 2
6491 3 2
6492 1 2
6493 3 2
6494 3 2
6495 1 0
6496 0 3
6497 2 1
6498 1 0
6499 0 3
6500 1 2
6501 1 3
6502 2 3
6503 1 0
6504 2 1
6505 2 3
6506 3 1
6507 0 1
6508 1 2
6509 3 0
6510 3 1
6511 2 3
6512 3 2
6513 1 0
6514 1 3
6515 2 3
6516 3 0
6517 3 1
6518 2 1
6519 3 1
6520 1 3
6521 0 3
6522 3 1
6523 1 2
6524 1 0
6525 2 1
6526 1 3
6527 0 1
6528 0 2
6529 3 1
6530 3 0
6531 3 1
6532 3 2
6533 0 1
6534 3 1
6535 1 3
6536 0 1
6537 0 3
6538 3 2
6539 1 2
6540 1 3
6541 1 2
6542 3 2
6543 1 3
6544 1 0
6545 2 0
6546 2 0
6547 0 1
6548 2 0
6549 0 3
6550 3 0
6551 1 0
6552 0 2
6553 1 3
6554 3 0
6555 3 2
6556 2 1
6557 1 0
6558 3 1
6559 0 2
6560 2 0
6561 3 1
6562 3 2
6563 2 1
6564 1 2
6565 0 2
6566 1 3
6567 1 0
6568 3 2
6569 3 2
6570 1 0
6571 1 0
6572 1 0
6573 3 0
6574 0 3
6575 1 2
6576 0 2
6577 0 1
6578 3 1
6579 2 1
6580 3 2
6581 2 3
6582 1 3
6583 1 2
6584 1 3
6585 2 0
6586 3 2
6587 3 1
6588 1 2
6589 3 2
6590 1 3
6591 0 3
6592 1 0
6593 0 2
6594 3 0
6595 1 0
6596 0 3
6597 2 0
6598 0 3
6599 3 2
6600 3 0
6601 3 0
6602 3 0
6603 1 3
6604 0 2
6605 3 0
6606 3 0
6607 1 2
6608 2 3
6609 3 2
6610 0 1
6611 2 3
6612 2 0
6613 3 1
6614 3 1
6615 2 1
6616 3 1
6617 1 3
6618 2 3
6619 0 3
6620 0 1
6621 2 1
6622 3 1
6623 2 0
6624 3 2
6625 3 0
6626 1 2
6627 0 2
6628 2 1
6629 0 1
6630 0 2
6631 1 0
6632 2 3
6633 3 0
6634 0 3
6635 3 0
6636 0 2
6637 3 1
6638 2 0
6639 2 0
6640 3 2
6641 0 2
6642 0 2
6643 0 3
6644 1 3
6645 1 0
6646 2 3
6647 3 2
6648 2 0
6649 3 2
6650 0 3
6651 3 2
6652 1 2
6653 1 3
6654 3 1
6655 3 2
6656 0 2
6657 1 3
6658 3 0
6659 2 1
6660 3 2
6661 2 3
6662 0 3
6663 1 2
6664 0 2
6665 3 0
6666 2 3
6667 2 0
6668 2 1
6669 0 3
6670 2 3
6671 0 1
6672 2 3
6673 3 1
6674 2 3
6675 2 1
6676 3 2
6677 3 0
6678 0 2
6679 1 3
6680 0 3
6681 3 0
6682 3 1
6683 2 1
6684 3 0
6685 2 3
6686 2 3
6687 0 3
6688 2 1
6689 3 1
6690 0 3
6691 3 2
6692 2 3
6693 1 0
6694 3 0
6695 2 3
6696 3 0
6697 3 0
6698 3 1
6699 2 1
6700 0 1
6701 2 1
6702 1 3
6703 0 3
6704 2 0
6705 2 3
6706 0 2
6707 2 1
6708 3 2
6709 2 0
6710 1 0
6711 2 3
6712 0 1
6713 0 2
6714 3 0
6715 3 2
6716 3 0
6717 3 1
6718 0 1
6719 0 3
6720 2 0
6721 2 0
6722 0 1
6723 0 1
6724 2 1
6725 0 3
6726 3 0
6727 0 1
6728 1 2
6729 0 3
6730 3 0
6731 2 3
6732 3 2
6733 1 3
6734 1 3
6735 1 0
6736 1 0
6737 2 0
6738 3 0
6739 3 1
6740 2 1
6741 1 2
6742 1 2
6743 2 3
6744 0 2
6745 2 1
6746 0 1
6747 3 0
6748 0 2
6749 2 0
6750 2 0
6751 2 1
6752 1 0
6753 1 0
6754 0 1
6755 1 3
6756 0 1
6757 1 0
6758 0 3
6759 2 1
6760 2 0
6761 3 0
6762 2 1
6763 1 0
6764 3 0
6765 3 0
6766 2 3
6767 2 0
6768 2 1
6769 1 3
6770 2 0
6771 2 0
6772 0 1
6773 2 1
6774 2 3
6775 3 2
6776 1 0
6777 0 3
6778 0 2
6779 3 2
6780 2 1
6781 2 0
6782 0 2
6783 2 0
6784 1 2
6785 1 3
6786 0 3
6787 0 3
6788 1 0
6789 2 1
6790 3 2
6791 1 2
6792 3 1
6793 2 0
6794 3 1
6795 1 3
6796 2 3
6797 0 3
6798 0 1
6799 2 0
6800 3 0
6801 0 2
6802 3 1
6803 3 0
6804 3 2
6805 2 3
6806 3 1
6807 2 3
6808 3 2
6809 1 0
6810 2 3
6811 2 1
6812 1 0
6813 3 2
6814 0 3
6815 1 2
6816 1 0
6817 0 2
6818 2 3
6819 2 1
6820 3 2
6821 2 0
6822 3 1
6823 2 1
6824 0 2
6825 0 3
6826 2 0
6827 0 1
6828 2 1
6829 0 1
6830 1 2
6831 3 0
6832 3 1
6833 0 3
6834 3 2
6835 3 2
6836 3 0
6837 1 3
6838 0 2
6839 1 3
6840 0 3
6841 3 0
6842 0 3
6843 1 0
6844 0 3
6845 2 1
6846 0 1
6847 1 3
6848 0 3
6849 3 2
6850 0 2
6851 0 2
6852 1 2
6853 3 2
6854 0 3
6855 2 3
6856 3 1
6857 2 0
6858 2 1
6859 0 3
6860 1 2
6861 2 1
6862 2 1
6863 2 1
6864 3 0
6865 1 2
6866 2 3
6867 3 1
6868 3 1
6869 0 1
6870 0 1
6871 1 0
6872 3 2
6873 3 1
6874 1 2
6875 2 3
6876 0 3
6877 3 1
6878 1 3
6879 2 0
6880 2 0
6881 1 3
6882 0 2
6883 3 0
6884 0 2
6885 1 3
6886 3 1
6887 3 1
6888 3 1
6889 2 0
6890 0 2
6891 0 1
6892 1 0
6893 3 2
6894 2 0
6895 0 1
6896 2 0
6897 2 3
6898 3 2
6899 0 1
6900 0 1
6901 1 0
6902 0 3
6903 1 3
6904 3 1
6905 1 0
6906 0 1
6907 1 3
6908 0 3
6909 0 1
6910 2 1
6911 2 3
6912 0 2
6913 2 0
6914 0 3
6915 1 0
6916 0 2
6917 1 0
6918 3 1
6919 3 2
6920 3 0
6921 2 1
6922 2 0
6923 3 0
6924 2 1
6925 1 0
6926 1 2
6927 3 1
6928 2 0
6929 0 2
6930 0 3
6931 0 3
6932 1 2
6933 2 3
6934 0 2
6935 0 1
6936 0 3
6937 2 0
6938 0 2
6939 0 1
6940 2 1
6941 2 1
6942 2 0
6943 3 1
6944 1 2
6945 3 2
6946 0 3
6947 2 1
6948 2 3
6949 1 0
6950 1 2
6951 3 2
6952 2 1
6953 0 2
6954 3 1
6955 2 1
6956 2 3
6957 1 0
6958 1 2
6959 1 3
6960 2 0
6961 3 0
6962 1 0
6963 0 1
6964 3 2
6965 3 1
6966 3 1
6967 1 0
6968 1 2
6969 3 0
6970 2 1
6971 0 3
6972 1 0
6973 3 2
6974 3 0
6975 3 0
6976 2 0
6977 1 0
6978 3 0
6979 3 2
6980 0 3
6981 2 0
6982 1 2
6983 0 3
6984 0 1
6985 2 3
6986 1 0
6987 0 3
6988 2 3
6989 1 0
6990 3 1
6991 1 0
6992 1 0
6993 2 0
6994 3 0
6995 1 2
6996 2 0
6997 1 2
6998 1 2
6999 2 0
7000 0 1
7001 1 0
7002 3 0
7003 2 3
7004 0 3
7005 1 0
7006 1 0
7007 1 0
7008 3 0
7009 2 0
7010 3 2
7011 1 3
7012 0 2
7013 2 3
7014 2 0
7015 3 1
7016 0 3
7017 0 2
7018 1 0
7019 0 1
7020 1 2
7021 0 1
7022 1 3
7023 1 2
7024 1 3
7025 1 2
7026 3 2
7027 3 1
7028 0 1
7029 0 2
7030 1 3
7031 2 1
7032 3 2
7033 1 3
7034 2 3
7035 1 3
7036 3 1
7037 2 1
7038 2 3
7039 0 1
7040 0 2
7041 2 1
7042 3 1
7043 3 1
7044 2 0
7045 3 0
7046 3 2
7047 0 3
7048 0 1
7049 3 2
7050 1 3
7051 0 3
7052 0 3
7053 2 1
7054 3 2
7055 2 0
7056 2 3
7057 0 2
7058 3 1
7059 3 1
7060 2 0
7061 1 2
7062 0 3
7063 1 3
7064 2 0
7065 2 0
7066 3 0
7067 1 3
7068 2 3
7069 1 3
7070 0 1
7071 2 1
7072 1 0
7073 1 0
7074 3 2
7075 2 3
7076 3 0
7077 2 1
7078 2 0
7079 0 2
7080 2 0
7081 0 3
7082 3 2
7083 3 1
7084 2 0
7085 2 3
7086 0 1
7087 1 2
7088 3 1
7089 1 0
7090 1 2
7091 1 0
7092 2 1
7093 0 2
7094 1 0
7095 2 1
7096 2 3
7097 1 2
7098 3 1
7099 3 1
7100 2 3
7101 3 1
7102 3 2
7103 2 0
7104 2 1
7105 2 3
7106 2 3
7107 0 1
7108 3 0
7109 0 3
7110 0 1
7111 3 0
7112 1 2
7113 3 0
7114 0 1
7115 0 2
7116 1 2
7117 0 3
7118 3 0
7119 2 0
7120 3 0
7121 2 0
7122 3 1
7123 3 0
7124 0 2
7125 3 2
7126 0 1
7127 2 3
7128 1 3
7129 1 2
7130 0 1
7131 1 2
7132 0 2
7133 1 2
7134 1 3
7135 1 3
7136 1 3
7137 3 1
7138 1 2
7139 2 0
7140 1 2
7141 1 3
7142 2 3
7143 3 1
7144 2 0
7145 0 2
7146 2 3
7147 0 1
7148 3 2
7149 3 2
7150 1 0
7151 3 2
7152 3 0
7153 3 0
7154 2 0
7155 3 2
7156 3 2
7157 0 1
7158 1 3
7159 1 2
7160 2 0
7161 2 1
7162 1 2
7163 2 0
7164 1 3
7165 2 1
7166 3 2
7167 3 2
7168 0 2
7169 2 3
7170 2 1
7171 0 1
7172 2 1
7173 2 0
7174 2 0
7175 2 3
7176 0 3
7177 0 2
7178 1 0
7179 0 3
7180 0 1
7181 2 0
7182 1 3
7183 3 2
7184 2 3
7185 0 1
7186 3 1
7187 3 1
7188 3 0
7189 1 3
7190 3 2
7191 2 3
7192 0 1
7193 2 1
7194 1 3
7195 1 0
7196 1 3
7197 2 0
7198 2 3
7199 2 1
7200 1 3
7201 3 0
7202 3 2
7203 2 0
7204 0 3
7205 3 0
7206 0 1
7207 1 3
7208 2 3
7209 3 2
7210 3 2
7211 0 1
7212 3 0
7213 1 2
7214 1 3
7215 3 0
7216 3 0
7217 3 0
7218 1 3
7219 2 0
7220 2 1
7221 2 3
7222 3 2
7223 2 0
7224 3 1
7225 0 1
7226 3 1
7227 1 3
7228 0 3
7229 3 2
7230 0 3
7231 3 2
7232 2 3
7233 3 1
7234 0 2
7235 3 0
7236 0 2
7237 0 2
7238 3 0
7239 3 0
7240 3 0
7241 3 0
7242 2 1
7243 2 3
7244 2 0
7245 1 2
7246 2 3
7247 2 1
7248 3 2
7249 3 2
7250 3 1
7251 0 2
7252 0 3
7253 3 1
7254 2 1
7255 0 1
7256 1 2
7257 3 1
7258 2 3
7259 1 0
7260 3 1
7261 2 1
7262 2 1
7263 1 3
7264 1 0
7265 0 3
7266 0 1
7267 3 0
7268 3 0
7269 2 1
7270 0 2
7271 2 3
7272 1 0
7273 1 0
7274 1 3
7275 1 2
7276 2 0
7277 0 1
7278 2 1
7279 2 3
7280 1 0
7281 2 1
7282 3 0
7283 3 0
7284 0 3
7285 1 3
7286 1 2
7287 2 1
7288 2 0
7289 3 2
7290 0 3
7291 0 3
7292 3 0
7293 1 0
7294 2 1
7295 3 1
7296 0 2
7297 0 2
7298 1 0
7299 3 2
7300 1 3
7301 3 1
7302 3 1
7303 2 1
7304 0 3
7305 2 3
7306 2 3
7307 1 3
7308 2 0
7309 0 1
7310 2 1
7311 3 0
7312 2 1
7313 1 2
7314 3 2
7315 3 1
7316 1 0
7317 0 1
7318 3 1
7319 0 1
7320 3 2
7321 3 1
7322 2 3
7323 0 1
7324 1 2
7325 0 2
7326 1 2
7327 0 2
7328 1 0
7329 1 0
7330 2 1
7331 3 0
7332 3 2
7333 3 0
7334 0 1
7335 1 0
7336 1 0
7337 3 2
7338 0 1
7339 3 1
7340 3 2
7341 3 1
7342 2 1
7343 3 2
7344 1 2
7345 0 3
7346 1 0
7347 2 3
7348 2 1
7349 0 1
7350 3 0
7351 1 2
7352 1 0
7353 3 0
7354 3 2
7355 2 0
7356 0 2
7357 0 3
7358 0 3
7359 2 1
7360 0 2
7361 2 0
7362 1 0
7363 3 0
7364 2 3
7365 1 0
7366 2 0
7367 0 2
7368 3 2
7369 2 1
7370 3 2
7371 3 1
7372 0 2
7373 0 2
7374 2 1
7375 0 3
7376 3 2
7377 2 1
7378 1 2
7379 2 1
7380 0 2
7381 2 3
7382 3 1
7383 2 1
7384 0 1
7385 2 0
7386 2 1
7387 1 0
7388 3 2
7389 3 1
7390 2 1
7391 3 0
7392 2 3
7393 1 0
7394 2 1
7395 1 2
7396 1 3
7397 0 3
7398 1 2
7399 3 1
7400 2 3
7401 0 1
7402 2 0
7403 3 2
7404 0 3
7405 1 3
7406 1 2
7407 1 0
7408 2 1
7409 2 1
7410 2 0
7411 2 1
7412 2 3
7413 1 0
7414 0 3
7415 1 3
7416 1 0
7417 2 3
7418 3 1
7419 3 1
7420 1 3
7421 0 2
7422 3 0
7423 2 0
7424 1 0
7425 0 1
7426 1 0
7427 1 2
7428 2 1
7429 2 3
7430 1 2
7431 0 1
7432 1 3
7433 2 0
7434 2 3
7435 3 2
7436 0 1
7437 2 0
7438 3 2
7439 3 0
7440 1 0
7441 1 0
7442 1 0
7443 1 0
7444 1 0
7445 2 0
7446 3 0
7447 0 2
7448 2 3
7449 3 0
7450 3 0
7451 2 0
7452 3 1
7453 0 1
7454 2 1
7455 3 0
7456 1 3
7457 0 1
7458 0 3
7459 1 2
7460 3 0
7461 2 0
7462 0 3
7463 1 0
7464 2 0
7465 0 2
7466 1 3
7467 0 2
7468 1 0
7469 1 2
7470 2 3
7471 2 3
7472 2 1
7473 3 2
7474 0 3
7475 2 1
7476 1 0
7477 2 3
7478 1 0
7479 0 2
7480 1 3
7481 3 1
7482 3 0
7483 2 1
7484 0 1
7485 0 3
7486 2 0
7487 1 2
7488 0 1
7489 3 1
7490 0 3
7491 1 3
7492 2 0
7493 0 3
7494 0 1
7495 1 3
7496 3 1
7497 3 1
7498 2 3
7499 3 2
7500 2 0
7501 0 3
7502 3 1
7503 1 3
7504 0 3
7505 2 3
7506 2 1
7507 0 3
7508 2 0
7509 0 3
7510 1 2
7511 1 0
7512 3 1
7513 3 1
7514 1 3
7515 2 1
7516 3 1
7517 0 2
7518 1 2
7519 0 3
7520 1 3
7521 0 3
7522 3 1
7523 0 1
7524 0 1
7525 2 1
7526 2 1
7527 0 2
7528 1 2
7529 0 3
7530 0 2
7531 0 3
7532 3 2
7533 3 2
7534 2 1
7535 0 2
7536 2 1
7537 0 3
7538 3 2
7539 2 0
7540 0 1
7541 0 2
7542 3 2
7543 2 1
7544 1 0
7545 2 1
7546 0 1
7547 3 2
7548 3 1
7549 3 2
7550 0 1
7551 3 0
7552 1 0
7553 1 2
7554 0 2
7555 0 3
7556 1 3
7557 2 3
7558 0 1
7559 0 2
7560 2 1
7561 0 2
7562 1 3
7563 2 0
7564 3 0
7565 2 3
7566 1 2
7567 2 0
7568 3 2
7569 2 0
7570 1 2
7571 3 2
7572 1 2
7573 3 0
7574 3 1
7575 2 1
7576 1 3
7577 0 2
7578 3 1
7579 1 3
7580 3 2
7581 3 1
7582 0 3
7583 1 0
7584 1 0
7585 3 0
7586 3 0
7587 2 1
7588 1 2
7589 3 0
7590 0 3
7591 0 1
7592 2 1
7593 3 2
7594 2 0
7595 3 1
7596 3 2
7597 3 1
7598 0 3
7599 1 2
7600 3 2
7601 1 3
7602 0 3
7603 2 0
7604 0 2
7605 3 0
7606 0 3
7607 0 2
7608 0 2
7609 2 0
7610 0 3
7611 1 0
7612 1 2
7613 2 0
7614 3 0
7615 3 1
7616 2 1
7617 2 1
7618 0 3
7619 3 1
7620 1 0
7621 2 1
7622 2 3
7623 2 3
7624 0 2
7625 2 3
7626 0 3
7627 3 1
7628 2 0
7629 0 2
7630 2 3
7631 1 3
7632 2 0
7633 2 3
7634 2 3
7635 3 2
7636 3 0
7637 2 1
7638 0 1
7639 0 1
7640 3 1
7641 1 3
7642 1 0
7643 3 1
7644 3 1
7645 2 0
7646 2 1
7647 2 1
7648 2 1
7649 1 3
7650 2 0
7651 2 1
7652 0 1
7653 1 2
7654 0 2
7655 3 1
7656 2 3
7657 0 3
7658 3 2
7659 3 0
7660 0 1
7661 2 0
7662 0 1
7663 2 3
7664 1 0
7665 2 1
7666 3 0
7667 2 3
7668 0 1
7669 3 0
7670 3 1
7671 2 1
7672 0 1
7673 1 0
7674 3 0
7675 1 3
7676 1 0
7677 1 2
7678 1 3
7679 3 2
7680 2 3
7681 2 0
7682 2 3
7683 3 1
7684 2 1
7685 0 1
7686 3 2
7687 0 1
7688 3 2
7689 0 2
7690 2 0
7691 2 3
7692 2 0
7693 0 3
7694 0 2
7695 3 2
7696 2 0
7697 1 2
7698 2 0
7699 3 1
7700 0 1
7701 1 0
7702 0 2
7703 3 0
7704 0 1
7705 1 0
7706 0 3
7707 3 1
7708 2 0
7709 0 3
7710 1 3
7711 2 1
7712 0 1
7713 2 1
7714 0 2
7715 2 3
7716 2 3
7717 3 2
7718 0 2
7719 3 0
7720 3 0
7721 0 2
7722 0 3
7723 3 1
7724 1 3
7725 1 3
7726 2 3
7727 3 2
7728 1 0
7729 3 2
7730 2 3
7731 0 1
7732 3 2
7733 1 2
7734 0 2
7735 0 2
7736 2 3
7737 3 0
7738 1 2
7739 0 3
7740 3 1
7741 3 0
7742 2 0
7743 1 0
7744 0 2
7745 3 2
7746 1 2
7747 3 1
7748 3 0
7749 1 0
7750 1 3
7751 1 2
7752 0 1
7753 1 2
7754 2 3
7755 2 3
7756 0 1
7757 1 3
7758 0 1
7759 0 3
7760 3 1
7761 1 0
7762 2 0
7763 0 1
7764 2 0
7765 0 2
7766 2 1
7767 3 0
7768 2 0
7769 1 2
7770 0 2
7771 1 0
7772 3 1
7773 3 2
7774 1 2
7775 1 3
7776 0 1
7777 0 1
7778 3 0
7779 0 3
7780 3 2
7781 3 0
7782 2 0
7783 1 3
7784 3 1
7785 1 3
7786 2 0
7787 2 0
7788 0 2
7789 1 0
7790 0 3
7791 3 1
7792 0 2
7793 2 1
7794 0 2
7795 0 3
7796 3 0
7797 0 3
7798 1 2
7799 3 0
7800 3 2
7801 3 0
7802 2 1
7803 3 1
7804 0 3
7805 3 0
7806 1 0
7807 3 0
7808 1 3
7809 2 1
7810 1 3
7811 1 3
7812 1 2
7813 3 0
7814 2 3
7815 0 2
7816 1 2
7817 1 2
7818 0 1
7819 0 2
7820 0 1
7821 1 2
7822 0 2
7823 1 0
7824 0 3
7825 2 3
7826 1 0
7827 3 2
7828 2 3
7829 1 2
7830 2 0
7831 3 1
7832 1 2
7833 1 2
7834 1 2
7835 1 0
7836 3 1
7837 0 1
7838 0 2
7839 2 0
7840 0 3
7841 1 0
7842 1 2
7843 0 2
7844 3 1
7845 1 2
7846 3 2
7847 3 1
7848 1 2
7849 3 0
7850 0 2
7851 2 0
7852 1 0
7853 0 3
7854 2 0
7855 1 0
7856 1 0
7857 3 2
7858 0 2
7859 2 3
7860 2 0
7861 3 1
7862 3 1
7863 3 1
7864 1 0
7865 2 3
7866 3 2
7867 2 1
7868 0 3
7869 2 3
7870 1 0
7871 1 3
7872 1 2
7873 1 3
7874 2 3
7875 1 0
7876 0 3
7877 3 2
7878 0 3
7879 2 3
7880 3 1
7881 0 3
7882 2 3
7883 1 2
7884 0 1
7885 2 0
7886 2 3
7887 0 1
7888 3 1
7889 0 1
7890 2 1
7891 0 2
7892 2 1
7893 3 2
7894 1 3
7895 0 3
7896 2 3
7897 2 1
7898 2 3
7899 1 2
7900 3 2
7901 2 1
7902 2 3
7903 3 1
7904 1 0
7905 1 2
7906 0 2
7907 0 3
7908 2 1
7909 2 0
7910 0 2
7911 1 2
7912 1 2
7913 1 3
7914 2 1
7915 0 3
7916 1 3
7917 2 0
7918 0 1
7919 2 0
7920 2 3
7921 0 2
7922 2 3
7923 0 1
7924 0 3
7925 1 2
7926 3 1
7927 3 1
7928 2 1
7929 1 2
7930 2 1
7931 3 1
7932 2 1
7933 0 2
7934 2 3
7935 0 3
7936 1 3
7937 2 1
7938 1 0
7939 3 2
7940 1 3
7941 1 2
7942 2 1
7943 0 1
7944 0 1
7945 2 0
7946 1 0
7947 2 1
7948 1 0
7949 2 3
7950 2 0
7951 2 3
7952 2 0
7953 0 2
7954 0 3
7955 1 2
7956 3 0
7957 3 0
7958 0 2
7959 2 1
7960 1 0
7961 1 3
7962 1 2
7963 0 2
7964 2 3
7965 0 3
7966 2 0
7967 2 1
7968 0 2
7969 3 1
7970 0 3
7971 2 3
7972 0 3
7973 2 3
7974 1 0
7975 1 2
7976 1 2
7977 3 1
7978 2 0
7979 3 1
7980 3 2
7981 2 0
7982 3 2
7983 2 0
7984 3 2
7985 1 2
7986 2 3
7987 2 3
7988 0 3
7989 2 0
7990 1 3
7991 1 0
7992 2 1
7993 2 1
7994 3 0
7995 2 1
7996 3 0
7997 3 2
7998 1 2
7999 1 2
8000 3 0
8001 3 1
8002 2 1
8003 1 2
8004 1 2
8005 1 2
8006 1 2
8007 3 0
8008 2 3
8009 1 2
8010 2 1
8011 0 3
8012 2 0
8013 2 1
8014 0 2
8015 3 1
8016 3 2
8017 3 0
8018 1 2
8019 0 3
8020 3 1
8021 2 3
8022 0 3
8023 1 2
8024 3 0
8025 2 3
8026 3 2
8027 2 3
8028 2 1
8029 1 0
8030 2 1
8031 0 2
8032 0 3
8033 2 3
8034 3 2
8035 3 2
8036 3 2
8037 3 0
8038 1 3
8039 2 3
8040 3 2
8041 3 2
8042 2 0
8043 1 3
8044 1 0
8045 2 1
8046 1 0
8047 1 2
8048 1 3
8049 0 3
8050 0 1
8051 2 0
8052 2 3
8053 2 0
8054 2 3
8055 3 0
8056 2 3
8057 0 2
8058 1 3
8059 3 0
8060 0 1
8061 2 3
8062 1 2
8063 1 2
8064 1 0
8065 1 0
8066 0 3
8067 2 1
8068 2 3
8069 3 2
8070 1 2
8071 2 3
8072 1 0
8073 1 0
8074 1 3
8075 0 2
8076 2 3
8077 1 2
8078 1 2
8079 2 1
8080 1 0
8081 2 3
8082 0 1
8083 2 3
8084 3 0
8085 1 0
8086 3 0
8087 2 1
8088 2 1
8089 3 1
8090 3 2
8091 2 3
8092 1 0
8093 3 2
8094 3 0
8095 3 2
8096 1 2
8097 3 1
8098 1 0
8099 2 1
8100 2 1
8101 3 0
8102 2 1
8103 1 3
8104 3 2
8105 2 1
8106 2 1
8107 2 0
8108 0 1
8109 2 1
8110 0 3
8111 2 0
8112 3 1
8113 3 2
8114 1 0
8115 1 3
8116 2 1
8117 3 2
8118 1 2
8119 0 3
8120 3 2
8121 3 0
8122 0 2
8123 3 0
8124 3 1
8125 1 3
8126 1 2
8127 3 0
8128 3 2
8129 1 3
8130 1 0
8131 0 2
8132 0 2
8133 1 2
8134 2 1
8135 0 2
8136 3 0
8137 3 1
8138 2 0
8139 3 1
8140 1 0
8141 3 0
8142 1 0
8143 1 0
8144 3 1
8145 3 0
8146 0 1
8147 0 1
8148 1 2
8149 1 2
8150 3 2
8151 1 3
8152 3 2
8153 1 2
8154 1 3
8155 2 1
8156 2 3
8157 2 3
8158 1 3
8159 2 3
8160 1 0
8161 2 3
8162 3 0
8163 3 0
8164 3 0
8165 2 1
8166 1 2
8167 1 0
8168 2 1
8169 2 3
8170 0 2
8171 0 3
8172 1 3
8173 0 2
8174 1 0
8175 2 3
8176 0 2
8177 0 2
8178 3 0
8179 1 2
8180 3 2
8181 3 2
8182 0 1
8183 2 0
8184 0 3
8185 1 0
8186 0 1
8187 2 0
8188 0 1
8189 2 3
8190 3 2
8191 3 2
8192 0 3
8193 2 1
8194 3 1
8195 0 2
8196 0 3
8197 1 2
8198 3 2
8199 3 1
8200 3 2
8201 1 3
8202 0 1
8203 0 1
8204 3 0
8205 1 2
8206 1 2
8207 1 3
8208 0 2
8209 0 2
8210 2 0
8211 0 1
8212 2 1
8213 0 3
8214 3 2
8215 1 3
8216 0 1
8217 3 1
8218 3 2
8219 2 3
8220 0 2
8221 3 1
8222 2 1
8223 0 3
8224 1 0
8225 1 2
8226 3 0
8227 0 3
8228 2 0
8229 2 0
8230 0 3
8231 2 3
8232 2 3
8233 3 0
8234 1 3
8235 2 3
8236 1 3
8237 0 3
8238 2 0
8239 2 3
8240 3 2
8241 3 2
8242 0 2
8243 2 1
8244 2 1
8245 2 1
8246 0 3
8247 1 3
8248 2 0
8249 3 0
8250 3 1
8251 1 2
8252 2 1
8253 0 3
8254 1 2
8255 3 0
8256 3 1
8257 2 0
8258 3 1
8259 3 1
8260 0 3
8261 2 1
8262 1 2
8263 3 0
8264 0 3
8265 2 1
8266 2 3
8267 0 2
8268 2 1
8269 3 0
8270 0 1
8271 3 0
8272 1 0
8273 1 2
8274 2 3
8275 1 3
8276 3 1
8277 0 1
8278 2 3
8279 3 0
8280 1 0
8281 0 1
8282 0 3
8283 2 1
8284 1 3
8285 3 0
8286 3 2
8287 3 2
8288 1 0
8289 0 2
8290 3 0
8291 1 3
8292 2 3
8293 1 3
8294 0 1
8295 3 1
8296 2 3
8297 3 1
8298 1 2
8299 1 2
8300 3 0
8301 3 0
8302 1 0
8303 3 0
8304 3 1
8305 1 0
8306 3 2
8307 3 2
8308 2 1
8309 2 1
8310 3 1
8311 3 1
8312 3 2
8313 1 3
8314 0 2
8315 0 1
8316 1 2
8317 2 3
8318 0 1
8319 2 1
8320 1 0
8321 1 0
8322 3 2
8323 2 1
8324 0 3
8325 1 0
8326 3 1
8327 0 1
8328 0 1
8329 0 3
8330 3 2
8331 2 0
8332 2 1
8333 2 0
8334 3 1
8335 3 2
8336 0 2
8337 3 2
8338 1 3
8339 2 0
8340 2 1
8341 2 0
8342 3 2
8343 1 3
8344 2 0
8345 1 3
8346 2 3
8347 1 3
8348 1 3
8349 1 0
8350 3 2
8351 2 1
8352 2 3
8353 2 3
8354 0 1
8355 2 1
8356 3 0
8357 3 2
8358 2 0
8359 3 1
8360 3 1
8361 1 0
8362 2 1
8363 3 1
8364 0 2
8365 2 1
8366 1 0
8367 0 3
8368 3 0
8369 1 3
8370 2 1
8371 1 0
8372 2 3
8373 2 0
8374 3 1
8375 3 1
8376 0 1
8377 0 2
8378 3 2
8379 2 0
8380 3 2
8381 1 2
8382 0 3
8383 0 1
8384 1 2
8385 1 3
8386 0 3
8387 2 1
8388 1 2
8389 1 2
8390 3 2
8391 2 0
8392 1 0
8393 2 3
8394 1 0
8395 2 0
8396 0 1
8397 2 1
8398 0 3
8399 3 1
8400 0 2
8401 2 1
8402 0 1
8403 2 0
8404 2 0
8405 3 1
8406 0 3
8407 1 0
8408 3 1
8409 0 2
8410 2 0
8411 1 0
8412 0 3
8413 2 3
8414 2 3
8415 2 1
8416 3 2
8417 2 0
8418 3 1
8419 1 2
8420 0 3
8421 2 0
8422 2 0
8423 3 2
8424 2 1
8425 2 1
8426 3 0
8427 0 3
8428 1 0
8429 3 1
8430 3 1
8431 1 3
8432 2 1
8433 0 2
8434 3 2
8435 0 2
8436 3 2
8437 2 0
8438 0 3
8439 1 2
8440 0 1
8441 1 0
8442 2 1
8443 1 2
8444 0 2
8445 3 0
8446 1 2
8447 0 2
8448 0 2
8449 3 0
8450 3 0
8451 1 3
8452 0 2
8453 2 0
8454 3 0
8455 1 2
8456 1 3
8457 3 2
8458 3 2
8459 3 2
8460 0 3
8461 3 1
8462 1 2
8463 2 3
8464 1 0
8465 0 3
8466 3 1
8467 2 3
8468 0 1
8469 2 1
8470 2 1
8471 2 1
8472 2 0
8473 1 0
8474 3 1
8475 1 2
8476 3 1
8477 0 2
8478 1 2
8479 3 1
8480 3 2
8481 1 3
8482 2 1
8483 0 1
8484 0 1
8485 1 0
8486 3 0
8487 1 3
8488 2 3
8489 0 2
8490 2 0
8491 0 3
8492 3 2
8493 0 1
8494 1 3
8495 1 0
8496 3 0
8497 1 3
8498 0 1
8499 0 3
8500 0 1
8501 3 2
8502 3 1
8503 0 3
8504 1 2
8505 1 3
8506 2 1
8507 3 0
8508 1 2
8509 2 3
8510 0 3
8511 0 1
8512 3 0
8513 2 1
8514 0 3
8515 0 3
8516 2 0
8517 3 2
8518 3 2
8519 2 0
8520 0 3
8521 0 2
8522 0 1
8523 3 2
8524 0 2
8525 3 1
8526 2 0
8527 0 3
8528 3 0
8529 1 3
8530 2 0
8531 2 1
8532 3 0
8533 1 0
8534 2 0
8535 0 2
8536 0 2
8537 2 0
8538 3 0
8539 1 3
8540 2 1
8541 3 0
8542 1 3
8543 3 1
8544 1 2
8545 1 3
8546 1 0
8547 1 0
8548 3 1
8549 2 1
8550 0 3
8551 2 0
8552 3 2
8553 0 1
8554 2 1
8555 0 2
8556 3 0
8557 2 1
8558 2 0
8559 0 3
8560 3 0
8561 2 0
8562 0 1
8563 1 3
8564 3 1
8565 1 0
8566 0 2
8567 0 3
8568 3 1
8569 1 0
8570 1 2
8571 2 3
8572 2 1
8573 0 3
8574 1 0
8575 1 0
8576 2 1
8577 0 1
8578 3 1
8579 2 3
8580 0 1
8581 1 0
8582 3 0
8583 1 0
8584 0 1
8585 1 0
8586 2 1
8587 0 3
8588 0 2
8589 2 1
8590 2 3
8591 3 0
8592 2 1
8593 0 2
8594 3 2
8595 1 2
8596 1 0
8597 1 0
8598 1 2
8599 3 2
8600 0 2
8601 0 2
8602 2 3
8603 0 3
8604 3 0
8605 1 2
8606 0 3
8607 3 1
8608 1 0
8609 2 3
8610 1 0
8611 2 0
8612 2 3
8613 2 0
8614 2 1
8615 3 1
8616 0 3
8617 2 3
8618 3 1
8619 0 1
8620 1 2
8621 0 1
8622 1 2
8623 3 0
8624 2 3
8625 3 0
8626 0 3
8627 1 2
8628 2 1
8629 0 2
8630 3 0
8631 1 3
8632 3 1
8633 2 3
8634 0 1
8635 1 3
8636 1 3
8637 1 2
8638 3 2
8639 0 1
8640 3 0
8641 3 2
8642 1 3
8643 1 0
8644 1 2
8645 1 3
8646 3 0
8647 3 2
8648 3 2
8649 3 0
8650 0 1
8651 1 2
8652 3 0
8653 3 2
8654 2 0
8655 0 2
8656 0 2
8657 3 0
8658 1 3
8659 2 0
8660 0 2
8661 1 3
8662 2 0
8663 3 2
8664 2 0
8665 2 3
8666 3 2
8667 1 3
8668 3 0
8669 3 2
8670 1 3
8671 2 1
8672 0 1
8673 3 0
8674 2 3
8675 0 2
8676 0 1
8677 0 2
8678 2 3
8679 2 3
8680 2 3
8681 0 2
8682 0 1
8683 3 0
8684 3 0
8685 2 3
8686 3 1
8687 1 3
8688 2 1
8689 0 1
8690 0 2
8691 2 0
8692 3 0
8693 1 3
8694 0 2
8695 1 2
8696 3 2
8697 3 0
8698 2 0
8699 3 0
8700 2 3
8701 1 2
8702 3 0
8703 2 1
8704 1 2
8705 0 2
8706 2 1
8707 0 1
8708 1 2
8709 2 3
8710 1 2
8711 1 2
8712 1 0
8713 1 2
8714 0 3
8715 1 2
8716 2 1
8717 3 0
8718 3 0
8719 0 1
8720 2 3
8721 2 3
8722 3 2
8723 1 0
8724 3 2
8725 0 2
8726 0 3
8727 3 0
8728 2 3
8729 2 1
8730 0 1
8731 0 2
8732 1 0
8733 1 2
8734 2 1
8735 2 3
8736 3 0
8737 3 1
8738 3 2
8739 2 1
8740 1 2
8741 3 1
8742 3 0
8743 1 3
8744 2 0
8745 0 3
8746 2 3
8747 3 1
8748 1 2
8749 2 0
8750 2 3
8751 1 3
8752 2 1
8753 3 1
8754 1 2
8755 2 3
8756 3 2
8757 2 1
8758 3 2
8759 0 3
8760 2 0
8761 2 3
8762 3 2
8763 2 3
8764 0 1
8765 1 0
8766 2 1
8767 1 0
8768 2 3
8769 1 2
8770 2 1
8771 2 1
8772 3 0
8773 1 3
8774 2 3
8775 2 3
8776 2 1
8777 2 0
8778 0 3
8779 1 0
8780 3 0
8781 1 0
8782 3 0
8783 0 1
8784 0 3
8785 0 1
8786 3 0
8787 0 1
8788 1 2
8789 0 2
8790 2 1
8791 2 3
8792 2 3
8793 0 1
8794 0 1
8795 3 2
8796 2 0
8797 2 0
8798 0 3
8799 0 1
8800 3 0
8801 3 2
8802 1 3
8803 3 1
8804 0 3
8805 3 1
8806 2 0
8807 0 3
8808 0 1
8809 2 0
8810 2 0
8811 2 3
8812 2 3
8813 2 0
8814 1 0
8815 0 2
8816 2 1
8817 0 2
8818 0 3
8819 0 3
8820 2 0
8821 3 2
8822 0 2
8823 2 3
8824 3 1
8825 3 2
8826 2 0
8827 2 1
8828 0 2
8829 1 2
8830 3 0
8831 2 1
8832 0 2
8833 1 2
8834 2 0
8835 0 2
8836 1 2
8837 1 0
8838 3 2
8839 2 1
8840 0 1
8841 2 3
8842 2 1
8843 1 3
8844 0 3
8845 3 1
8846 3 2
8847 2 0
8848 0 1
8849 3 0
8850 0 1
8851 0 1
8852 0 3
8853 2 1
8854 0 3
8855 0 3
8856 0 2
8857 1 2
8858 3 0
8859 3 1
8860 1 2
8861 0 3
8862 3 1
8863 2 0
8864 2 0
8865 2 3
8866 0 2
8867 0 2
8868 2 1
8869 1 3
8870 1 2
8871 1 0
8872 3 1
8873 3 1
8874 3 1
8875 1 3
8876 2 1
8877 3 0
8878 3 0
8879 0 3
8880 0 3
8881 1 2
8882 2 1
8883 0 1
8884 0 2
8885 1 3
8886 0 3
8887 0 1
8888 2 3
8889 0 3
8890 1 3
8891 3 0
8892 3 2
8893 0 2
8894 2 1
8895 2 1
8896 0 3
8897 3 2
8898 1 0
8899 0 2
8900 1 3
8901 3 0
8902 3 0
8903 2 0
8904 2 1
8905 0 3
8906 2 0
8907 3 2
8908 0 2
8909 3 0
8910 3 1
8911 0 3
8912 3 1
8913 1 0
8914 0 1
8915 3 2
8916 0 1
8917 3 1
8918 3 2
8919 2 3
8920 2 3
8921 1 2
8922 1 0
8923 1 2
8924 3 2
8925 3 0
8926 2 1
8927 2 1
8928 1 2
8929 2 3
8930 2 3
8931 0 3
8932 1 3
8933 1 0
8934 1 0
8935 0 2
8936 2 0
8937 2 1
8938 0 3
8939 3 1
8940 1 3
8941 2 0
8942 1 3
8943 2 0
8944 2 3
8945 0 3
8946 0 2
8947 2 0
8948 3 0
8949 1 0
8950 0 3
8951 3 1
8952 1 2
8953 3 1
8954 1 3
8955 2 3
8956 1 2
8957 2 3
8958 3 1
8959 1 3
8960 1 3
8961 3 0
8962 3 2
8963 2 0
8964 1 3
8965 0 1
8966 0 3
8967 0 3
8968 3 1
8969 3 2
8970 2 0
8971 0 2
8972 3 1
8973 1 2
8974 2 0
8975 1 0
8976 0 3
8977 3 0
8978 0 2
8979 0 3
8980 1 0
8981 1 2
8982 0 1
8983 2 3
8984 0 1
8985 3 2
8986 3 1
8987 1 3
8988 3 0
8989 0 1
8990 2 0
8991 0 2
8992 2 0
8993 2 3
8994 1 0
8995 1 3
8996 0 1
8997 0 2
8998 2 3
8999 1 2
9000 1 2
9001 3 2
9002 2 0
9003 3 1
9004 1 0
9005 0 2
9006 3 0
9007 1 0
9008 3 2
9009 1 2
9010 0 2
9011 0 3
9012 1 2
9013 1 0
9014 3 1
9015 2 0
9016 1 2
9017 0 3
9018 1 2
9019 1 3
9020 0 2
9021 1 0
9022 2 3
9023 3 0
9024 1 3
9025 3 1
9026 0 3
9027 1 3
9028 0 1
9029 2 1
9030 3 1
9031 0 2
9032 1 3
9033 2 1
9034 3 2
9035 1 0
9036 3 1
9037 0 2
9038 3 0
9039 2 0
9040 0 2
9041 1 3
9042 0 3
9043 1 0
9044 2 1
9045 3 1
9046 2 0
9047 1 2
9048 1 0
9049 0 2
9050 2 3
9051 3 0
9052 2 1
9053 1 3
9054 0 2
9055 3 0
9056 0 1
9057 1 3
9058 0 1
9059 1 2
9060 0 2
9061 1 0
9062 3 2
9063 1 0
9064 2 3
9065 1 0
9066 3 2
9067 0 1
9068 0 3
9069 3 2
9070 0 3
9071 3 2
9072 2 3
9073 0 1
9074 3 1
9075 3 1
9076 3 0
9077 0 1
9078 2 1
9079 3 2
9080 1 0
9081 0 2
9082 0 3
9083 2 3
9084 1 3
9085 3 1
9086 0 3
9087 1 2
9088 3 1
9089 1 3
9090 0 3
9091 3 0
9092 2 1
9093 0 1
9094 2 1
9095 0 3
9096 1 3
9097 0 3
9098 1 2
9099 2 1
9100 1 0
9101 0 2
9102 2 1
9103 2 1
9104 0 3
9105 0 3
9106 3 1
9107 1 2
9108 3 2
9109 0 2
9110 3 1
9111 2 0
9112 0 2
9113 0 1
9114 2 3
9115 2 1
9116 3 0
9117 0 2
9118 1 2
9119 2 0
9120 3 0
9121 3 1
9122 3 0
9123 2 0
9124 3 0
9125 0 3
9126 0 3
9127 1 0
9128 2 3
9129 2 1
9130 1 3
9131 2 3
9132 1 0
9133 2 1
9134 2 1
9135 1 0
9136 3 0
9137 2 1
9138 0 3
9139 3 1
9140 3 1
9141 0 2
9142 2 1
9143 2 1
9144 3 2
9145 2 1
9146 3 1
9147 0 1
9148 2 0
9149 0 2
9150 3 0
9151 2 3
9152 1 2
9153 2 1
9154 0 2
9155 1 2
9156 0 2
9157 2 1
9158 2 0
9159 1 2
9160 3 0
9161 3 2
9162 0 2
9163 1 3
9164 2 1
9165 3 1
9166 3 2
9167 1 0
9168 3 1
9169 3 0
9170 3 2
9171 0 1
9172 2 1
9173 1 0
9174 3 1
9175 0 3
9176 1 2
9177 1 2
9178 1 0
9179 1 3
9180 1 2
9181 2 3
9182 2 1
9183 1 0
9184 3 1
9185 1 3
9186 1 3
9187 1 2
9188 0 1
9189 0 3
9190 0 2
9191 3 2
9192 2 3
9193 1 2
9194 2 0
9195 2 3
9196 3 0
9197 0 3
9198 1 0
9199 1 0
9200 1 2
9201 1 2
9202 1 0
9203 2 1
9204 2 3
9205 0 2
9206 0 1
9207 1 2
9208 0 2
9209 1 2
9210 2 3
9211 2 3
9212 1 0
9213 0 3
9214 3 0
9215 0 2
9216 3 0
9217 0 2
9218 2 3
9219 3 0
9220 0 2
9221 0 3
9222 2 3
9223 1 0
9224 1 3
9225 3 0
9226 0 1
9227 0 1
9228 2 0
9229 1 3
9230 1 2
9231 3 0
9232 0 3
9233 3 2
9234 1 0
9235 3 1
9236 2 1
9237 3 0
9238 3 2
9239 3 1
9240 2 1
9241 0 1
9242 0 3
9243 1 3
9244 3 0
9245 2 0
9246 0 3
9247 1 0
9248 3 2
9249 1 2
9250 3 2
9251 3 2
9252 3 0
9253 0 2
9254 2 1
9255 3 0
9256 2 1
9257 3 0
9258 3 1
9259 2 1
9260 1 3
9261 2 3
9262 2 3
9263 0 3
9264 0 3
9265 1 3
9266 2 3
9267 3 2
9268 2 1
9269 3 2
9270 3 0
9271 1 2
9272 1 3
9273 2 3
9274 1 2
9275 3 1
9276 1 2
9277 2 0
9278 2 0
9279 0 3
9280 2 3
9281 1 2
9282 1 2
9283 2 3
9284 2 3
9285 3 2
9286 1 3
9287 3 1
9288 2 0
9289 0 1
9290 1 2
9291 3 2
9292 2 1
9293 1 3
9294 2 1
9295 1 0
9296 3 1
9297 0 2
9298 0 3
9299 0 3
9300 2 3
9301 1 0
9302 3 2
9303 0 3
9304 0 2
9305 1 0
9306 1 0
9307 0 1
9308 3 2
9309 1 0
9310 3 1
9311 1 0
9312 3 2
9313 0 1
9314 3 0
9315 2 1
9316 1 0
9317 0 2
9318 3 1
9319 2 1
9320 1 3
9321 2 0
9322 2 1
9323 1 0
9324 2 0
9325 0 3
9326 3 1
9327 0 3
9328 3 2
9329 3 1
9330 1 0
9331 3 0
9332 1 3
9333 2 3
9334 3 2
9335 2 1
9336 3 0
9337 3 1
9338 2 0
9339 0 1
9340 1 2
9341 3 1
9342 2 0
9343 0 1
9344 0 1
9345 2 1
9346 2 0
9347 3 0
9348 0 2
9349 0 2
9350 0 3
9351 3 1
9352 0 3
9353 3 0
9354 1 2
9355 2 3
9356 2 0
9357 1 2
9358 0 3
9359 2 0
9360 2 0
9361 3 1
9362 3 1
9363 1 2
9364 3 0
9365 3 2
9366 1 3
9367 3 2
9368 1 3
9369 2 3
9370 3 1
9371 3 2
9372 2 0
9373 2 1
9374 1 3
9375 2 0
9376 3 2
9377 3 1
9378 1 0
9379 1 0
9380 2 1
9381 2 0
9382 3 2
9383 1 2
9384 1 0
9385 0 2
9386 3 0
9387 3 0
9388 0 1
9389 1 3
9390 2 3
9391 2 0
9392 2 3
9393 3 2
9394 2 1
9395 2 1
9396 3 0
9397 2 1
9398 0 1
9399 0 3
9400 1 3
9401 0 1
9402 2 3
9403 2 1
9404 3 2
9405 1 3
9406 1 2
9407 2 1
9408 0 3
9409 0 2
9410 3 2
9411 2 3
9412 1 3
9413 3 0
9414 1 2
9415 3 0
9416 2 1
9417 2 1
9418 3 1
9419 2 0
9420 1 0
9421 3 1
9422 3 0
9423 1 0
9424 1 0
9425 0 1
9426 1 0
9427 0 1
9428 0 3
9429 1 0
9430 1 0
9431 1 2
9432 3 2
9433 1 0
9434 3 1
9435 1 0
9436 3 1
9437 1 0
9438 3 0
9439 1 2
9440 3 1
9441 3 2
9442 3 1
9443 1 3
9444 0 1
9445 3 0
9446 2 0
9447 1 3
9448 2 1
9449 3 1
9450 3 2
9451 2 0
9452 1 3
9453 0 3
9454 0 3
9455 3 1
9456 0 1
9457 0 3
9458 1 0
9459 1 0
9460 0 2
9461 0 3
9462 3 0
9463 0 3
9464 2 0
9465 3 1
9466 3 2
9467 0 2
9468 3 2
9469 3 1
9470 2 1
9471 3 0
9472 3 2
9473 2 0
9474 0 1
9475 2 0
9476 0 1
9477 1 2
9478 3 1
9479 0 3
9480 2 0
9481 2 0
9482 0 1
9483 0 2
9484 2 3
9485 3 0
9486 3 0
9487 2 1
9488 3 0
9489 1 0
9490 0 2
9491 0 1
9492 1 3
9493 2 1
9494 0 3
9495 3 1
9496 2 1
9497 2 3
9498 0 2
9499 1 3
9500 2 3
9501 0 2
9502 3 0
9503 0 3
9504 2 0
9505 0 2
9506 3 2
9507 1 2
9508 1 0
9509 3 2
9510 0 1
9511 0 3
9512 1 0
9513 2 1
9514 0 1
9515 0 1
9516 2 3
9517 0 1
9518 3 1
9519 0 1
9520 3 1
9521 2 1
9522 3 0
9523 1 2
9524 2 3
9525 0 2
9526 3 2
9527 2 0
9528 0 3
9529 1 0
9530 1 3
9531 2 1
9532 1 3
9533 0 3
9534 3 0
9535 3 0
9536 3 1
9537 3 0
9538 2 1
9539 3 2
9540 3 1
9541 3 1
9542 2 0
9543 1 2
9544 2 3
9545 1 2
9546 0 3
9547 0 2
9548 2 3
9549 1 2
9550 0 1
9551 2 3
9552 1 2
9553 3 2
9554 1 2
9555 3 2
9556 2 0
9557 3 2
9558 1 0
9559 2 0
9560 1 3
9561 1 0
9562 0 3
9563 3 2
9564 2 0
9565 3 2
9566 3 1
9567 2 1
9568 0 1
9569 3 0
9570 2 0
9571 3 0
9572 3 1
9573 0 1
9574 2 0
9575 0 1
9576 0 3
9577 0 3
9578 3 1
9579 3 1
9580 1 3
9581 3 2
9582 0 3
9583 1 2
9584 2 3
9585 3 2
9586 1 3
9587 0 2
9588 1 0
9589 2 1
9590 0 3
9591 3 0
9592 0 3
9593 3 0
9594 3 2
9595 2 3
9596 2 1
9597 2 3
9598 0 1
9599 1 0
9600 0 2
9601 1 2
9602 0 1
9603 0 1
9604 3 2
9605 3 1
9606 1 0
9607 2 3
9608 1 2
9609 2 0
9610 1 3
9611 2 1
9612 1 3
9613 0 3
9614 2 3
9615 1 2
9616 3 0
9617 3 0
9618 2 3
9619 0 1
9620 1 2
9621 0 3
9622 0 3
9623 0 3
9624 3 0
9625 0 3
9626 0 2
9627 1 0
9628 0 1
9629 0 2
9630 1 0
9631 1 2
9632 0 2
9633 2 0
9634 3 0
9635 2 3
9636 2 0
9637 1 2
9638 2 0
9639 3 1
9640 0 2
9641 0 2
9642 0 2
9643 0 1
9644 3 0
9645 3 2
9646 2 1
9647 0 1
9648 2 3
9649 3 0
9650 0 3
9651 0 3
9652 0 3
9653 0 3
9654 0 3
9655 3 2
9656 1 0
9657 1 2
9658 1 0
9659 3 2
9660 2 0
9661 0 2
9662 2 0
9663 0 2
9664 1 2
9665 0 1
9666 2 3
9667 0 2
9668 0 3
9669 1 0
9670 1 3
9671 1 3
9672 1 3
9673 3 0
9674 3 1
9675 2 0
9676 2 3
9677 2 0
9678 2 0
9679 1 2
9680 3 0
9681 1 0
9682 1 0
9683 3 1
9684 0 2
9685 2 1
9686 1 2
9687 2 1
9688 3 0
9689 1 0
9690 3 1
9691 3 2
9692 0 1
9693 2 0
9694 2 0
9695 3 2
9696 1 0
9697 3 2
9698 2 1
9699 1 2
9700 3 0
9701 2 3
9702 2 1
9703 0 3
9704 0 1
9705 0 3
9706 3 2
9707 3 1
9708 3 0
9709 1 3
9710 0 2
9711 3 2
9712 2 3
9713 2 1
9714 2 3
9715 1 2
9716 3 1
9717 2 0
9718 2 3
9719 3 0
9720 1 3
9721 3 0
9722 1 2
9723 2 1
9724 0 3
9725 2 0
9726 1 3
9727 1 3
9728 2 0
9729 3 0
9730 3 0
9731 0 1
9732 3 2
9733 2 0
9734 0 2
9735 0 3
9736 1 0
9737 3 0
9738 1 0
9739 0 1
9740 3 2
9741 0 2
9742 3 2
9743 3 0
9744 2 1
9745 0 2
9746 0 2
9747 1 0
9748 2 0
9749 0 2
9750 3 1
9751 3 0
9752 2 3
9753 2 3
9754 1 2
9755 3 2
9756 3 2
9757 0 2
9758 3 0
9759 2 1
9760 0 3
9761 3 0
9762 0 3
9763 3 1
9764 1 2
9765 2 1
9766 0 3
9767 2 3
9768 1 0
9769 1 0
9770 2 3
9771 2 0
9772 1 0
9773 0 2
9774 3 1
9775 2 1
9776 0 3
9777 0 3
9778 1 0
9779 1 2
9780 2 3
9781 1 0
9782 1 0
9783 0 3
9784 2 1
9785 1 3
9786 1 3
9787 3 1
9788 2 3
9789 2 0
9790 0 3
9791 1 0
9792 0 3
9793 3 0
9794 2 3
9795 0 2
9796 1 3
9797 3 2
9798 0 2
9799 1 0
9800 1 3
9801 0 1
9802 3 1
9803 0 1
9804 2 3
9805 0 1
9806 1 0
9807 0 2
9808 1 3
9809 0 2
9810 0 3
9811 1 3
9812 0 1
9813 1 2
9814 3 2
9815 0 2
9816 0 3
9817 0 2
9818 2 3
9819 2 3
9820 1 3
9821 3 0
9822 1 2
9823 3 2
9824 2 0
9825 1 3
9826 3 2
9827 3 1
9828 3 1
9829 1 2
9830 3 0
9831 1 3
9832 0 3
9833 2 3
9834 3 0
9835 2 0
9836 2 1
9837 1 0
9838 1 2
9839 3 0
9840 1 2
9841 1 0
9842 3 2
9843 2 1
9844 3 1
9845 2 0
9846 1 2
9847 2 1
9848 2 0
9849 1 3
9850 3 1
9851 1 0
9852 0 3
9853 1 2
9854 1 0
9855 3 0
9856 3 0
9857 0 1
9858 0 2
9859 1 3
9860 3 2
9861 3 0
9862 2 3
9863 3 0
9864 2 3
9865 2 1
9866 1 2
9867 0 1
9868 3 0
9869 2 3
9870 0 1
9871 3 0
9872 2 1
9873 3 0
9874 1 3
9875 0 3
9876 2 0
9877 0 3
9878 3 0
9879 3 1
9880 0 1
9881 3 2
9882 1 0
9883 1 3
9884 1 2
9885 2 3
9886 2 1
9887 0 3
9888 0 2
9889 2 0
9890 1 2
9891 2 1
9892 3 1
9893 3 1
9894 3 0
9895 3 1
9896 1 2
9897 1 0
9898 1 3
9899 0 2
9900 2 0
9901 3 0
9902 3 1
9903 3 2
9904 1 2
9905 1 2
9906 0 2
9907 2 0
9908 1 3
9909 0 3
9910 3 2
9911 3 2
9912 0 2
9913 2 0
9914 1 3
9915 1 2
9916 3 0
9917 2 3
9918 3 2
9919 2 3
9920 1 0
9921 2 3
9922 3 2
9923 1 3
9924 3 2
9925 0 3
9926 0 1
9927 2 1
9928 0 2
9929 3 1
9930 2 1
9931 0 3
9932 3 1
9933 1 0
9934 0 2
9935 3 2
9936 2 1
9937 1 3
9938 3 2
9939 0 2
9940 1 0
9941 3 2
9942 1 3
9943 3 2
9944 0 2
9945 2 3
9946 1 3
9947 1 3
9948 2 0
9949 1 3
9950 1 0
9951 3 1
9952 3 1
9953 2 3
9954 3 1
9955 1 2
9956 1 2
9957 3 1
9958 1 0
9959 3 2
9960 3 1
9961 2 1
9962 0 2
9963 1 3
9964 3 1
9965 1 3
9966 3 0
9967 1 3
9968 3 1
9969 0 3
9970 1 3
9971 1 2
9972 0 3
9973 3 2
9974 0 2
9975 0 3
9976 1 2
9977 2 3
9978 1 0
9979 2 1
9980 1 2
9981 1 3
9982 1 0
9983 3 0
9984 2 0
9985 0 3
9986 3 1
9987 3 1
9988 2 1
9989 0 2
9990 1 3
9991 1 3
9992 0 1
9993 1 2
9994 2 1
9995 2 1
9996 2 0
9997 1 2
9998 2 3
9999 2 3
